/*********************************************
 * OPL 12.5.1.0 Data
 * Author: Mateusz
 * Creation Date: May 24, 2016 at 10:16:43 PM
 *********************************************/

   //***************Sta³e opisuj¹ce problem************************
 
    //Rozmiar wektorów / macierzy
 liczbaKomponentow = 2;
 liczbaMiesiecy = 3;
 liczbaZmiennych = 6;
 liczbaScenariuszy = 100;
 
   //Realizacja umowy wymaga dostawy okreœlonej liczby sztuk komponentu A/B
 umowa = [1100 1200];
 
  //Limity dostawy zasobów produkcyjnych Z1/Z2 w danym miesi¹cu M1/M2/M3
 mozliweDostawyZ1 = [600 700 550];
 mozliweDostawyZ2 = [1400 900 1200];
 
  //Zapotrzebowanie na sztukê zasobu produkcyjnego przy produkcji komponentów A i B
 zapotrzebowanieZ1 = [0.2 0.7];
 zapotrzebowanieZ2 = [0.8 0.3];
  
 
  kosztProdukcji = 
 
//100
 [
 [50.269993999282 59.9839163826829 52.0854061902841 30.3998368826011 37.9903578376949 36.2968220305943]
[58.0757707043417 43.6905113314538 52.1912683962148 31.0853563549292 39.5770296237719 30.4418983335427]
[57.2077455122092 39.7865793229859 53.6088250289471 37.7056388273718 38.2933507260958 29.351726994081]
[57.3529469827486 39.1083162612896 51.4179712426376 42.6612017284749 44.4502073455002 21.5216411647709]
[56.4908073447533 36.3627692424443 51.4305358323525 46.5271625819422 41.0978823730891 24.1586252850446]
[57.1470979993303 37.9895104403577 52.1900173816698 44.3385372285803 44.1023172792828 21.7261343882597]
[55.9569531090001 35.1323094312867 52.6676760099949 46.7801456294255 43.8512594238179 22.0798180493885]
[55.6049957727122 32.2018724332062 53.6716129349889 41.5691995915333 43.3233138539429 23.2334316418672]
[54.8136716142328 33.287218053707 52.9923437595452 37.8460152609344 42.8688744209223 21.0512702634275]
[55.8513462047418 39.3546038791098 51.0912676555959 38.1723835829389 47.3187893115836 22.14421410479]
[55.3242507120224 34.9093758910908 51.2341225169234 41.0011725088835 47.7349301466745 30.5882211456612]
[55.1171230847839 36.7466998636664 49.7124330279704 36.3917761051489 47.6900496239637 27.6305680421301]
[53.8230114087659 38.0219492822704 49.080678655177 39.4449356819053 47.1341741192418 30.1198042858714]
[55.12320943995 37.93052444905 49.3447099721067 36.3167276783541 45.2387072124368 24.445624500096]
[55.0483340355823 41.0512260925548 49.7896898133391 37.2294692564469 49.1073870231579 28.6651993014113]
[54.8698287759466 37.5981062987717 48.4382703459209 31.9943946405059 47.5316160180027 30.1672483902282]
[53.9286899412122 40.4857185375723 49.7705280428578 29.9836652770185 47.1322796673247 33.1815597138315]
[54.2572948588768 40.3918028216746 49.726427344603 29.0448254510889 41.5911238924023 28.0554249783905]
[53.2811932800473 40.7334609331065 52.3861900588414 33.5046549048718 42.6352880785578 21.5608818627414]
[55.1258484928045 38.5068092543909 50.0103659768722 41.40438389555 45.7065172804116 27.2778361547454]
[54.8962173909308 39.7356668783179 49.1462423893979 36.7051036841088 47.241205640664 26.7765818410065]
[54.8601671574123 41.7243473709046 48.7673660046746 38.0505069885184 49.0893875171823 26.0616016428197]
[55.6892429571657 41.4518866838784 47.8119720340732 35.2579407230543 49.1933097479361 27.8646983389115]
[55.52147624273 39.2797310341667 49.245471480814 37.0385245720412 47.4057120051593 31.4627567573034]
[55.0048646784117 38.566988826587 49.7178486675357 35.655316061594 47.9774266858327 30.5153842125148]
[55.2390628391844 38.4200118263116 49.5700027648281 34.2071022528359 45.2747400253666 33.18817748306]
[55.0213860902889 40.2647099359284 50.0385408004524 35.4316408016528 44.0043805208996 25.7492330115846]
[55.8239880256565 40.4785011938902 50.862456755913 37.2768277875443 40.4972973873908 30.9180622734083]
[56.9789192082711 39.722301665088 52.1920809064984 37.4742438334804 38.2561597940432 27.8562427223704]
[54.8128435924485 38.2501920302447 53.6262194928607 31.9029910960247 39.4776128173933 32.0043276488585]
[56.3012404142352 36.2255186764694 54.3145065308232 40.2536158695556 37.6832958624534 36.8196076921176]
[55.6799210063443 34.6765622915543 54.0311823279479 35.6379264651208 39.6394992287091 32.5541381852647]
[54.827785872864 36.8276410416575 52.2570707255199 30.0845438953989 41.0930209698698 30.2104774678543]
[55.5728682919215 39.2211487391111 53.2065668273457 32.3412150818887 38.6029578375346 38.1735166010116]
[55.0590055022936 38.4685622253516 52.3100526159103 30.6885551686772 38.9941085106626 35.4152756343207]
[54.7596850576803 39.2657454131254 52.0220434033826 41.3974429175828 39.6562515146201 30.2852929623176]
[55.8420469860735 38.7963281643941 51.881998975959 35.4792005799616 42.4212647582682 32.1125901254063]
[54.2008102960234 37.6279844098773 53.0193376962247 28.2590014404004 41.1236764425375 33.7617241033434]
[54.9916934641141 37.4090131706554 52.5997402844224 31.3849713661894 38.6416438383783 32.923600755891]
[55.0975035235404 38.1280107130872 53.3607373258381 29.9158156636462 42.3136225497142 26.7745106922182]
[56.139365993136 39.0083458192374 50.9844865400974 36.8912679552112 44.0951797510386 31.8016221014196]
[54.7785870329272 42.0169854419245 49.120057577505 31.1510176651899 44.3727724325717 32.9612054766559]
[54.217739068343 44.6645176656371 47.4647736759378 32.8646968208744 46.8259771112916 29.3185527214481]
[55.4133717934497 43.178158309477 48.0282848169307 31.4223103387597 46.6906949058308 28.6770711575899]
[54.6703024229846 43.6233902901823 49.0377805479918 29.4406002689618 44.2161559752099 37.0141974799524]
[54.841828099971 38.7912408175186 49.6728004900591 35.8933943772092 47.811558686655 28.5462189240456]
[55.4393102437538 39.5139378844834 49.3074330737795 37.9142736033564 46.4589083292106 24.038121235311]
[56.0728147336438 41.095287041105 49.8628993622834 33.4663397642407 46.4009866388173 35.6906854576719]
[53.870195780652 36.0744709449841 49.7387582015097 39.142720662122 44.8713111069951 30.8321115781494]
[53.8292332140416 38.134752466997 50.9503705098812 23.7589747994219 48.1443519969066 27.9484927090823]
[54.7238154116503 40.3480374007874 49.710750186492 31.2831083332278 46.0861310982015 30.4546384536935]
[53.4487233312665 42.3870178078678 49.9674027748418 26.7330566751052 44.2418233461431 40.6973922519577]
[54.3551506847562 41.6419265939971 49.3908720630819 31.996465975505 46.2275563581884 25.7108728153011]
[54.7903799315997 41.1230120958223 49.6391478076534 34.5293039761806 46.1933397519075 25.2882638992054]
[56.6918471148437 44.7677598824592 48.704741249251 40.4617352152061 43.7002140090877 30.3469904811114]
[56.2270544214853 40.2471947822564 49.6288924215894 33.8698467809694 42.9979733848619 36.2716070630183]
[54.9327758588447 42.1661773800702 50.3483819513721 30.3115031641615 44.1114929284511 31.1021110691459]
[55.1482665681811 42.0543123542678 50.5698489909254 28.64505931355 45.4870813856476 26.6804235384776]
[54.7433778739101 37.8072380873174 52.5527300585987 30.6821677360542 43.3026332754249 24.352090328563]
[55.1419847106022 35.776433505171 50.9705085239476 40.992696622959 44.939199948771 27.883607417026]
[54.5544630464511 40.5035878240509 49.6882383760131 33.3406147517231 44.4325348163763 29.9321706539255]
[53.1773649381503 39.2276085687703 49.6326776976933 35.2676437007613 48.7159881942711 25.186061481124]
[54.1973332866467 40.0044424369759 48.2026932969802 34.0908181777112 51.4097914435926 25.2534280106359]
[53.6275589099299 40.0852527457287 48.3477158510186 38.9427379757953 47.8427569834348 37.1809025611763]
[55.5151648127653 44.5215987129555 44.9641543556155 37.9279489915721 49.2219890973725 31.7637904276163]
[54.5973640304763 50.961845834203 44.1652980551432 34.7577443358288 49.5082090599484 33.9544019225387]
[55.1092771891176 46.1715120016592 45.9911360631526 38.9971535293726 44.9444838049401 36.5943307444205]
[54.078732253453 45.0496025022964 46.743433836362 33.5109850899114 47.9057793952777 33.9436441126987]
[54.832142588315 45.574260271362 44.9726511311858 41.2594724572326 49.4772287289225 34.2686178549134]
[56.3047919590132 46.4509318118989 45.0288222236493 34.5576020599489 46.3235893523639 25.8721127923448]
[55.0144840996235 48.2055572214556 46.3214062773165 36.8308421572148 46.3233471699972 41.221527247245]
[56.808537384729 44.877566100024 46.9350105450937 29.8174477290945 43.1917227840462 33.9886583549808]
[54.8318523682983 46.2977683228474 48.4452110964598 27.1486794825248 43.4034326106483 43.307996015247]
[54.7902009975636 42.507109263923 50.7381677266615 31.1883663449027 40.9024092413615 30.8857518472668]
[55.4463872037862 42.2488574017977 51.5515363421015 24.5419657471023 43.1284748115366 33.8074714491067]
[54.8946192274062 39.5387904538563 51.443211508 37.8345673205018 42.1513822213577 23.6838834107829]
[55.4679473339758 40.2535367992386 51.9793609276443 40.6088468473635 42.5390202923503 21.1325644385913]
[54.9180114879922 33.6352053217973 53.9782872368078 46.495944925172 43.7881701403953 20.7479956480457]
[57.5814973242208 34.9028337937957 50.4164069088043 49.0169398499571 47.3408386053632 25.5102348332666]
[56.0107115269696 36.2263040356177 50.1837539313402 35.6896305742055 48.4412601375983 27.0494055731859]
[54.1001250409113 38.0217983160879 51.0817809293469 37.3646556016911 45.2816309221223 26.2515344776613]
[54.0671282228733 33.7017323790481 51.2488156338481 39.1470197057767 48.0435860569887 23.3049528637598]
[54.7184387487316 36.8314955521941 50.5015450864713 31.9688118766213 49.0526851302984 22.8334201487623]
[55.6764135825786 41.1298681433713 48.4173969750468 46.9166105730328 43.2009475393977 24.3291962890337]
[56.5952550611512 44.932337357806 48.6320539691727 40.759416721981 48.2012481490969 23.0151388629808]
[56.9180510525748 40.0766945515271 49.3075336561276 45.8494759686392 42.4356541559076 29.0384347292936]
[55.7345287645699 40.3364884837926 48.510040601363 43.8703712799858 44.8382760792835 22.7811176564889]
[55.4263482978773 41.3292335795902 49.9179986799223 35.4615313603597 46.9364714088865 26.773938025967]
[54.1979551355178 38.005633473295 50.4447048450732 28.2178688021833 44.7175812830809 33.2416740749068]
[52.4490074092681 36.6889517166566 52.1695419030221 32.2131009094384 46.2599212960494 22.7372272720717]
[54.46725560296 35.2487012758336 52.9154940873432 29.6120521482161 47.1368420954119 31.4574940288231]
[54.7056958064805 29.2063670306444 52.1195884773316 40.1615877333391 48.7930768182526 23.8920484825247]
[55.4551144170071 33.2881017829095 51.1187843802131 40.6274174029584 44.549959301313 24.2343633043637]
[55.0746366453742 38.1675142853989 50.9759458069191 38.8676218645559 43.9611968768255 23.2001919150192]
[54.5791173234373 40.0882501661035 49.5365849896835 34.2513621616625 45.8549965029194 27.9130317922472]
[55.9799003158286 40.7743364426525 50.8419330475312 34.3302424896011 45.1375973204851 24.4011814869714]
[54.9631036217619 40.3981084560686 48.9571811515955 41.8916993893526 49.0155096343271 27.3730809287837]
[55.4783609979314 40.9630850349242 46.8718756349243 37.7875320858674 47.9835671897692 29.2866979183547]
[54.0446726866816 44.8761805669265 46.1901572138572 34.1355082436848 50.917128982815 33.9560239909931]
[55.3667446287268 43.8914901343362 46.2093055054888 36.8121747181581 49.1090263959776 28.4984020764646]
];


/*
//20
 [
[50.0155721152509 59.98535127441 52.339818786546 29.3279941339277 33.8522304821949 37.8079037512313]
[59.3584396998329 46.2565627367506 52.9874007163276 39.6370655837175 35.8200439094898 28.3204165271003]
[58.7299200211423 41.5444263796603 52.0496170841325 45.8540213667296 38.5105852756472 24.1592550987898]
[55.7612171170503 38.3279209219118 53.1780790988915 37.2715050404473 40.2856127357786 28.4403809999472]
[55.4225889575072 38.5813146847202 52.4631697962333 37.4642620930686 42.9582674035314 23.1078134208518]
[54.8096102054986 38.2566245347051 51.3471305475226 37.221994963756 43.5709602608022 33.9745447003032]
[55.7760807945565 39.7598908031868 46.6871703843748 35.4272489439538 48.1691921105292 34.9984668675408]
[52.7860043225281 40.6206499714446 47.0367949309965 25.6838357737638 51.4596309602424 34.6859161953151]
[53.2114965034152 41.0512210290519 45.8467230491365 37.4108873071389 49.473752870266 34.5348580392505]
[54.1283645270357 42.3654093399462 46.5093606156996 26.6198189509143 51.5522055431812 38.549122291023]
[53.8914822132952 43.5552481977366 44.3574930762955 36.261635022703 51.8653025276336 30.9029164451498]
[53.1825505655933 42.7416695153942 45.9203571368565 35.6740187127593 48.6707304732112 32.5686312700105]
[53.6426924831506 43.1465436187207 46.2904759562902 33.5799413176565 50.3093326921226 31.7646537320345]
[52.6976908861923 41.8718707458302 46.8732515290401 23.4629645683165 49.4855106330078 36.4165088455441]
[53.4360976786914 43.7526746219248 46.9712654582762 29.4321954532898 51.1600246328596 31.9816771193702]
[53.371181801233 42.0054062093039 48.1718910129315 25.3133153891497 47.7600158291979 33.9492295533371]
[53.4609698594349 41.674304904952 49.4471140069551 32.9727233674262 45.4895862130405 27.6634870207803]
[54.9291085466748 38.8363077460218 49.2191664236348 34.2355801484763 47.1144491352334 33.5685051624358]
[53.677015209424 40.3215758849316 47.8299564341225 35.4889433212367 46.9470531006462 35.1408972682468]
[54.2201488373211 42.4643698554285 48.0804541653003 35.3340546256967 45.2906212434439 33.7570459627694]
];
*/

/*
//500
[55.0435318034493 44.4298413234605 46.7219971863372 40.1916033394382 48.7301592489906 29.6319853067679]
[55.0161139456936 45.3450364471643 47.0776233491137 32.4719028097777 49.8902554241132 27.5621091630673]
[56.0946393277402 44.284385687655 48.3392842703594 33.6886989916209 45.0934417843311 24.9282209059691]
[56.071340348504 45.5965334833953 49.0665108170266 40.4835720642565 43.7465604885354 25.555553000716]
[55.7821444569167 44.6966352665625 47.5556726494999 39.4035297783076 46.7771065221966 31.8742634467846]
[56.1303840412126 42.2584301304112 47.415690762632 39.1311570612986 46.3936954629632 26.6229828593056]
[55.5934286214037 44.2590680829637 48.8925320837649 33.4377896517447 44.4775433097779 33.9016918973137]
[55.1000414084007 43.5369048740163 49.3225049703291 31.8237500948792 44.6324124850808 35.0365283057198]
[54.6646258517395 43.5456859058347 48.0623242443298 36.2126357616402 44.4625791454355 31.4027884104307]
[55.7657283821016 47.2372814001337 48.712982293411 34.7920710016372 41.6033422942755 27.7781572586858]
[56.3619998479863 46.0263017852742 49.0406302545439 35.6737358897192 45.4703429508571 26.7690543396883]
[55.454128915721 39.873262327691 50.6714885059796 37.4388812088282 44.0363220786309 24.9805638013262]
[55.8860614584465 40.7928341647185 50.7436605191703 39.5194274593063 42.6028624772977 20.9873667932014]
[56.5773711931602 41.1088844417287 52.3156263700907 36.233237087632 42.6376782246717 29.2014105707791]
[55.7755026674042 37.7755860820793 52.2886842955663 33.776650046742 42.8666461040677 21.9717969078784]
[54.8333606376906 36.9896452962591 51.7425669934455 37.6492831237033 44.3328765849726 27.2899297058347]
[54.3984348249904 35.3604334103462 52.2485497441114 42.2394207430567 43.4547067026937 21.5105253713879]
[55.7047939952189 35.6909382708743 50.9491554340605 40.7753493093681 48.0633411141906 23.5510019321829]
[56.1691567771678 37.3761365712094 49.6520532235822 42.7825941803131 48.3309225874844 26.760189386541]
[55.5784719158051 35.5281364348835 52.6935956922502 35.8197572430121 45.4369463278613 28.664333745313]
[55.1273588520297 35.4064114272976 51.1008176248307 34.0682787386961 48.2027618552246 26.9664779158436]
[54.8602362959277 36.1753412983023 51.9111921814571 36.1148961557973 43.2630295059202 25.418523569993]
[55.3807555579323 36.339335274056 52.8673590570187 40.5476854853407 39.4760232615601 24.4768067491704]
[56.898704744736 40.622685677081 52.1724143316811 38.3919503701435 41.7659297175311 26.3436478331146]
[56.2479084382437 37.41044434093 50.4075894099029 42.6111996243801 45.9745041402154 21.9265079085514]
[55.4031374489601 37.3048641351256 50.0247237677547 38.3419429932576 49.079925428569 23.4954274455055]
[55.867857611198 39.0244460147921 49.705548548719 40.2321324783302 47.089561542424 20.447610678622]
[57.1051444128891 42.2596432640962 49.2010747962576 41.3116126028879 45.9015437784028 21.2224436586532]
[55.8667034324494 37.2922906812711 51.0334130476286 45.9662466404332 45.5404043155478 23.5400930004026]
[56.2574052412868 34.4743476497372 51.0297877213601 36.5337403480292 48.1938427022235 31.9580543668652]
[54.3422345116886 34.57125124859 50.3542052279483 35.6609113872699 46.5999244485925 25.8507322454598]
[53.8534680600792 36.7750193289915 50.8538330683258 34.8694434636586 46.3267414376693 30.893517049605]
[55.2760263167149 37.3228390705701 50.4038243971738 37.3012041851745 45.8733566426709 32.5326788900135]
[54.3671566511483 37.3715771731534 51.2259704158187 32.5686321256831 43.7153549813938 32.2313253508553]
[54.362593106061 39.7329881471158 50.0211047887259 35.8758258895646 42.879991262524 28.8138754493183]
[55.6408214459294 40.5187359414792 50.5136926272136 34.4994301888486 42.2286024676997 29.6111131642194]
[55.3726143494425 40.7248670800773 50.8612922353884 36.7290326329338 42.522899108929 34.7308538054344]
[55.5161709281886 40.329079879983 50.0846146955537 32.0569122094674 44.7722018200165 30.2743989411396]
[54.7119682897517 39.183001565893 47.914981310682 35.1279710492818 50.3318342184734 28.0074595150759]
[53.8356871459904 38.0479386843763 49.3548875617555 24.8340482511256 48.4990933436463 32.897655065113]
[54.1459451332775 40.0133980744122 47.3910454857098 30.1346357618547 47.7962132289004 31.0259944164594]
[55.0035834868537 44.4091700175376 47.7433150258234 30.131465860026 47.6603238162492 27.586486702178]
[55.292265396296 42.5762140970488 48.9904020578149 36.3913071386055 46.5669595426742 31.1702512204517]
[54.8400291827505 38.1786734849068 50.897794977979 32.7698301938644 46.8867350207882 28.2629139446338]
[54.2971636393543 36.564313222069 50.935045727558 36.4653567405011 47.954210874241 24.7366637518509]
[55.9938215786007 39.6477422291521 48.2785414917746 31.3993845828687 51.6116089580191 26.6231180657777]
[53.559020421631 38.8483675614309 48.2386781026944 34.7009285079782 54.1568820423141 29.6158663795241]
[53.1758429653235 37.2514638343242 48.7961670901286 28.6731414318093 51.7459105088428 28.66129720012]
[52.8477307161806 36.8567710257913 50.5636779958821 37.6037917899791 44.2225847508008 26.5503426494861]
[55.0511507357645 38.0268332925065 51.113956250387 37.1318562562174 46.1938569918308 27.8493001865136]
[54.5431162096891 39.4055472403812 50.0967177667129 36.3628771579923 46.2038428404099 27.6578370474842]
[54.1072444123354 36.7742177602118 50.2513007116662 42.8265624870661 46.5053149137286 23.9669901303109]
[55.5646427544805 37.1350012190819 50.99867597884 35.3305074738872 46.2099105995639 26.4298909658723]
[54.8314682350404 37.6310927051647 49.848640456888 38.5513329805665 50.5416840391942 22.6485664198434]
[54.2976858556687 37.8169974550604 49.1109214571596 39.9250396041176 47.0938865427239 26.8552576584663]
[55.4978472232227 39.3081687285545 48.8438068968975 38.0923104421335 49.3989203177984 30.1983478656724]
[53.9418297712467 36.0831444633099 49.6046181704231 36.175279233843 48.461089974918 25.6151366452984]
[54.0879185 36.6657388837809 51.3265077746309 35.2023706992746 43.683530719237 29.5576624359748]
[54.5140481213435 36.7994934804922 50.3089298431388 43.5475695827659 46.4299711242318 25.1932353243682]
[55.3625560045513 40.018183144862 50.0084230666726 36.6490711396348 44.9679028309711 25.0660436710402]
[54.890408656329 41.5922464724459 50.8945242620634 33.7605066465882 45.7629116937983 28.3385593555319]
[55.316903714732 41.1776448477452 48.8907310111742 35.4830909885834 44.5610126524307 36.8646714056427]
[55.4937870241901 43.4574264757862 49.8707809328681 30.5519474960296 40.3107967732295 35.4203401950125]
[55.3566938076788 41.9058001761278 52.0000595924441 33.052731968985 37.9803174111027 35.8131595473305]
[55.6326431134846 40.666603453991 52.1317510428665 34.6439917320242 40.3615875968084 31.1633300824431]
[55.8155312646066 42.0538477189198 49.6863284931346 36.4404177663762 45.3527918310463 21.7283417600042]
[55.4434784081657 42.323271900311 48.8011297810912 40.4121869759696 49.6631038557334 26.4744790859878]
[56.2219301122415 37.8719324326632 47.892211800994 44.0571256353597 48.5789487443406 31.5703435844264]
[54.5105750522785 41.7414799846811 47.7194837342791 35.5113327594489 47.5605338636454 36.5286593186029]
[55.9873929636848 41.0538541700237 47.1622473180318 38.4135411317842 45.953705929697 35.8290326910871]
[53.3468879107083 41.8324690379832 47.8789885673434 33.6049754380418 48.939613839008 26.7793881876146]
[53.5035363152063 41.8524035709461 48.4112832140337 41.7170283943551 47.300945010126 27.3419786682973]
[56.1028298662321 40.514325552641 47.1811901467562 43.8478801096649 45.7330614931392 23.3364579004405]
[55.5480183445549 44.9978685818482 46.9288877601946 39.8245051128945 46.6557465441027 29.6162535889767]
[54.037705954631 44.588367574093 47.6320848061742 31.1395858158258 47.8892773911983 34.3290682823577]
[54.1804539762393 44.1903529304891 47.9076250332608 30.832931402407 47.4399796808555 37.6827832164072]
[55.0548560721428 43.7915324279315 48.7401756865714 34.5483401554113 45.5208628490337 32.703548728811]
[54.8349544241867 41.2236592853466 50.6577924671989 29.0054093823601 42.2913112198196 31.756554457065]
[52.9337623631943 42.0239768852197 50.9458499595236 28.6401944407394 47.0775050631128 27.3496775182073]
[54.2758838839586 37.1328441963652 52.2640581021128 37.468352230869 43.7359298232599 22.9394733122813]
[55.7572583991674 36.4112977976159 50.5370228230667 43.8863594786052 46.2791108832672 26.1900056626802]
[55.7929784285437 37.0338354126114 50.9919195112612 35.8602057898406 46.765893587753 23.9440627473922]
[55.0679995830553 36.1824533590288 51.3580249086824 38.2167500718898 44.250381398837 26.5777718916485]
[55.6216549218719 38.8956048292712 50.3554214394036 39.635143966576 45.0054827928825 31.9689795188643]
[55.4988913038866 38.8753196426686 48.7187595795439 32.9528777370608 48.9532004818052 31.6498034905877]
[55.4977506944848 38.4421824479598 48.5499214125404 30.9815132845163 48.1605367860453 29.001141299999]
[53.3334874474011 40.8953530257945 47.8490075169079 38.8245126029553 47.8213498989124 28.2351013103535]
[55.0369346384071 40.883194976594 47.5693731234852 38.2381437721979 48.9701715239166 24.9687727932551]
[54.7703838282355 41.9476479032599 47.8200766877472 35.4011868317971 47.9709849883904 33.4750073664915]
[56.4620314361948 47.443022508814 46.4295422075758 36.0376114261053 44.4258744988475 31.0544857291252]
[55.4248300512636 49.4441988242726 45.948038328138 37.1688748448726 47.1208036261404 32.8600207675693]
[55.2594146170868 42.3012610578378 48.3446391249146 37.6795867853777 46.1851992646569 31.1148644431076]
[56.4449080638887 42.7414452414526 47.8841531539303 44.3631947730057 43.4448717258972 30.2560312931786]
[57.0332832725835 44.7779492997688 49.039561000739 38.9494820661149 40.6049651975464 36.4257580758516]
[54.6136417684994 40.9228936368269 50.2152989677043 34.6380039872067 43.8070520030321 33.8908705069243]
[55.5100087684302 39.6310737964619 48.4973657610857 39.4200107442668 46.5673758248135 32.0715480805866]
[53.8676821473804 39.0540868972264 47.7949990718067 34.0800712439005 50.7632865047024 27.6550666595902]
[53.1377614850763 41.2444238645342 47.4319339444544 27.8550762663981 47.4359304287645 32.2808585076283]
[54.1500822679125 44.9709764617354 47.1774617095393 32.7917926427885 47.9306612158598 32.9816208832551]
[54.646685790694 43.7211395283521 47.2988289198524 36.8094322927658 44.8996555755793 36.2616589022699]
[56.0357100289349 43.5232793116412 47.5853139965573 29.0941275828415 46.6534542072948 27.734523766661]
[54.4550440327525 43.3607063928411 48.9978466365581 35.5124085853382 45.7169110465009 33.4308963191393]
[55.4096981448084 39.9433355471207 51.0210019793467 39.7014221742013 41.540868240828 36.6704607090137]
[56.3090858861963 39.9862497191701 50.5300719075252 32.0951246094832 44.1572946698613 29.7756330215902]
[55.04278899113 41.3153822927045 50.4977613592551 34.0112144262437 45.613789260943 27.8963366587642]
[55.3267827604831 39.7651397663506 50.8110038897998 26.5726336808681 47.9076426318363 28.5774586254289]
[54.6915402951088 40.4466984608106 49.7798754293062 35.601533681811 46.2763885004865 21.7335935218556]
[53.9394369800369 37.025459019147 50.6555289873637 36.9108050420061 47.2935738531473 20.7294247239061]
[55.0598798709968 36.5998250748645 51.5275518275179 36.984453132762 42.1685108341851 27.2134060585189]
[54.2189319997056 36.7824572356051 51.8031521928205 38.1429581587374 46.2642451624466 29.4142517567644]
[54.7530043202474 34.5849762864654 50.8960732472095 38.3911670491283 43.5895075644802 29.6210473047098]
[54.4054674792254 38.5120358109445 50.5598982431865 35.7114561040838 42.5486945842732 28.8736216330972]
[55.3375904389728 41.0783801625172 49.5148271828845 33.1728277156122 47.0554591456484 29.9658582668066]
[55.0696780531793 42.2727159815113 47.2625723810163 33.8856175905906 46.1421473089556 31.2741763826889]
[54.7740690210202 47.9588080680951 45.9316341782865 32.6439147892006 46.6454750616135 32.5477121583578]
[55.7774672697007 47.6423414286776 45.8195838009179 40.1851116935689 46.7215951700435 29.6026750652997]
[56.882467897205 45.3664661086674 45.5767939280944 43.39495119009 42.9373379147571 38.4440071295245]
[56.664009759253 49.8789109785962 44.9452091062001 36.1906181571248 45.0642313356453 29.5593543195835]
[56.3806130615418 50.3225184425707 46.8860363379206 32.8770597972058 45.0458297650878 30.1732163805918]
[57.0329698545314 48.2359976165645 47.0415443277104 38.7422522446216 44.4721687277898 29.7901057283499]
[57.0150260469407 46.7587059804899 47.6261601530855 34.6767977195308 42.3528601243763 32.3300839080722]
[56.237702753937 47.6048760309665 47.6780950699842 37.0350316883883 43.9653048962256 31.3908782642343]
[56.559850141085 46.9455140863678 46.9587690811741 37.547451235734 43.2939685193968 36.5031060196296]
[54.7648498082329 43.527142517561 47.221665825221 28.2527261415123 44.5944929960461 34.6420800406715]
[55.4446580723436 48.5016332430984 46.766856680495 34.9446420724181 40.670036590567 32.0997225538355]
[54.9476160975838 50.3457293642445 47.8966229893883 33.4581472028747 44.0729688500549 28.957980093506]
[56.5830548011448 42.0155227275872 49.7711253536206 47.2179822810473 40.3795528050828 24.036029450192]
[56.6277626046661 39.8365260739469 50.910951039961 39.4675290536316 45.551022487408 25.7713072433342]
[54.9907810008028 37.5573468083973 50.5281658183173 41.2114199839434 49.1275389642043 25.277249007097]
[55.2953810794794 35.6694622484311 49.8844265533918 37.9969925446135 49.5204433408177 20.2077667405466]
[55.1812129875922 38.7763774658421 50.2781928712792 32.7802081741457 49.8288301927979 21.0824908621614]
[54.5747340568123 37.0500425158695 50.468388552769 38.7246988724823 43.9998709260162 31.6852900172759]
[56.2099413833121 40.069354356295 50.0402497379809 35.993845211368 40.7906844425251 34.5185025040664]
[55.7347564446788 41.2877759023521 50.545863550179 31.7792035444683 43.6959323943415 35.5121396979314]
[55.2295265073863 38.5357097320675 49.8402342514851 46.3362641931772 44.607356253703 23.4175134702924]
[56.0539647091526 39.4932406754788 50.708391628683 43.1886324292513 47.7083338184754 23.4349617941877]
[55.9133380936034 36.1168304451265 50.1146913317893 41.5224697518758 45.6295711944202 30.4897161178434]
[57.0210885442621 37.7692763435282 48.8365103348113 40.4754590458824 47.5323042856056 26.6404597750718]
[53.8853784341247 38.6907556745549 49.7283889615679 38.2190542384406 45.4271928081365 34.8082290390351]
[55.0502227262907 38.0330329946759 49.3992785469582 31.9289783648503 44.9174315572963 34.1884599355828]
[54.281408506138 40.1079480313835 50.0455739907386 36.643842677709 38.5644247396266 40.6133318866102]
[55.1320390379857 45.3170101177271 50.5251893945072 31.461964150762 38.7861485107123 37.3355357174626]
[56.4993524321723 43.4456659097569 51.8502330717781 30.200534385846 38.1496445555787 47.0934658252123]
[56.1195842298969 41.4604450805986 51.4700902011007 33.5441295330957 37.9090212460232 39.5650788964926]
[55.6765600874615 39.8337977737581 50.804379325498 32.2699381775849 42.2710701351706 34.2597666475086]
[55.060043351436 40.0876343339289 51.8734820782876 33.6150972953165 45.8617902210774 23.9921816139033]
[56.0918873344113 38.7800936592022 50.2766642379218 42.9203540093034 43.8800873126683 28.5751363151743]
[55.9912959266451 40.7928846262027 50.1787780845992 38.7032881267983 42.2273884865437 34.0437768223544]
[55.5487724982874 40.7665690892892 50.8933914963048 38.5770595280109 39.8691655732562 28.0167955873833]
[56.9712388328717 41.1424675400481 52.5522734740031 41.1432718343927 38.8425923662577 23.2956061736145]
[55.9506211564569 38.0911616025186 53.5004777777245 38.1795314278157 43.4195908346238 23.8950075092222]
[55.1741150750073 37.3457720112426 51.6588995542254 42.0563118695347 43.9099109522298 24.1712475920748]
[56.5580198026488 34.7177124103234 52.8373287782279 42.3496422001157 44.2494315102928 27.2613316371629]
[55.1648726585066 32.9441172543221 51.569690523901 38.9851076084603 48.0670026042789 20.6085991771359]
[54.8879574471797 32.512621300176 52.1088684599979 36.3230499532833 49.1679050415653 24.3220179335204]
[55.1319781725927 34.3618572584557 50.5990850013291 36.3192749409853 48.4818661640345 33.1177263465518]
[52.915018820947 36.1426303452717 50.9885201995613 31.3621199228018 45.2917849537536 32.1342012563278]
[53.9765528499273 36.3634537747074 51.2657698459262 37.2608003861931 45.8894298879272 20.4829191277117]
[54.2422658393926 32.4681328886595 53.5298743576831 36.6515856442772 44.3019212913235 31.3246849659166]
[54.174439078108 35.5606718145865 50.6250000139116 30.6594583564618 47.1516203212732 35.1408836449643]
[53.4961365866457 35.2068114877333 50.898364873485 25.5626530792369 47.7627969866993 34.2174909907178]
[52.9212677027279 34.4171052489354 50.5964006921403 28.2263069101445 48.3706614969407 29.4557162357582]
[52.4566425251472 39.0540154082063 49.1188740279082 36.9878840601623 51.8221927213257 31.5720654126977]
[53.7473061573576 35.6606098595763 49.0151473888598 35.8401858996131 47.3094539460396 30.9873004194477]
[54.0209563789013 38.3377583001639 48.9911659691299 33.5026804094047 47.5625232428894 30.4292599593197]
[54.0116218514935 41.1057149975886 48.0036841027614 36.6840919364643 48.180700153796 30.4120049749617]
[55.7268839337785 41.1913391796964 48.1686415219845 34.4024248414748 45.0937308294719 30.1238330471851]
[54.6122824700115 42.9818784307397 48.0102703163272 37.7938742872817 50.2099352413678 21.5633002842586]
[54.950427886552 38.6494652050746 50.2302397471636 33.5236660445097 48.5512458281038 26.9852355075444]
[53.348541066811 38.777163424704 49.5410278928474 30.9631277851189 49.2831610053403 28.6577606875566]
[53.9109876955909 38.199599155505 50.5203631642396 34.9816767577334 45.0947154431959 22.7207996655898]
[54.9067649991524 40.2722713181117 50.3588621005163 40.0157263119974 42.792302141517 30.5423985071103]
[54.7060517614118 40.399527569231 50.7698271396849 32.4279509058665 44.8267158276713 34.5710629523349]
[55.1413930717141 36.4394463502209 50.3666580319839 29.1673046560046 48.4531674748267 34.1309402330939]
[54.0275557192419 37.5358729928889 49.6118632984339 31.6183399929114 48.7832527637667 31.7027231068963]
[53.6871241613767 37.5602366872884 49.1719853746628 34.5579110604997 46.605031316751 34.1256345193093]
[54.1275106588139 41.2161583142055 47.9322760756396 32.8534687960479 46.8100933252699 39.7824770707514]
[54.1704934431749 40.3261080538495 48.4579928665846 32.8227268934753 45.1283790195753 38.3998690055715]
[54.249531837375 46.0488795821477 47.0740182618008 29.977984131618 47.174070665677 34.7120329135736]
[55.7679695834856 47.9546576922439 47.0981744013036 44.2484859617334 41.7305747918281 34.1884048221437]
[56.5702110335071 46.6776671346081 47.000078837484 36.0031366464124 44.2294867309845 28.2056417838128]
[56.3085773368425 47.20065519957 48.1030152254359 37.2896167825523 41.9756099936347 29.709966052094]
[56.3099741137472 46.8511190981104 46.7395975034313 36.9585391659029 44.3013155915843 32.8985582815727]
[56.1160930483048 42.5877773537018 49.3764218628824 36.2136683676312 45.3401064545315 27.5018035041014]
[55.2303563232888 37.2125132447663 50.6900283096868 39.6011310918414 44.9953936397077 32.4826209758529]
[55.0014512748553 31.7197673626337 52.6107742057667 40.8558693876577 46.0209102565956 29.6984508953453]
[53.5693513506986 32.7382822261041 52.7652873388944 34.8638189823649 46.9066371950671 24.5952980194011]
[53.4150632758447 33.5324424343383 52.0500035792471 30.8011609765181 46.2715983305924 29.301317414824]
[54.7183441604496 36.6565620514626 50.3289939908219 31.6227521408023 48.9079763164981 27.2909223417706]
[54.3417444268539 38.5656384809082 47.7573390847509 41.2965868066843 49.1497874105276 29.1374196421798]
[55.7244246694305 38.8982983522448 49.8292612599884 40.4051775112109 46.0422281260579 27.0164585012407]
[56.466224128517 42.5987865796329 47.717637325933 38.8738394032737 48.237976029592 27.0421424457974]
[54.0507957740749 43.1646196696637 47.0626303386686 35.6001978345533 47.9631844172764 37.598691528043]
[55.2202786924655 42.1902337874302 47.8708196050314 34.312059626423 46.5739090917875 32.9129163126862]
[54.630828128626 44.5758749363494 47.2062511840566 31.2070127741372 45.1485504062987 38.7928860680906]
[54.1576746276837 44.1453285546834 47.6700045145158 26.9772463831211 45.9054817331902 33.0778799312748]
[54.8245619803411 43.6693728566183 50.3875647202173 26.6442849511903 44.6587676457305 35.1743634128811]
[53.4806659143112 38.6106565541487 50.8992879284965 31.9397219135653 45.4393142715875 27.2517964182978]
[55.6152971108671 38.200850605814 51.8852412325419 44.2312560576552 45.6229991209259 23.9148924704958]
[54.9554187328789 35.2841739310798 51.8196015492773 36.299096822139 47.4893735486091 30.5537779537609]
[53.9933112799641 34.8728507071783 50.3028939367733 34.8273787032626 48.1965627301464 29.5291096189344]
[53.9596330241219 37.9426830395598 48.4502753930345 30.4867654500864 50.6403572002362 30.0941785157613]
[54.0528698203462 41.7256379006502 47.4297513422931 32.3106290404557 52.2024066193406 30.1289678385395]
[53.7770445905839 38.74623199519 47.2957689925905 31.5368607996017 48.5762530262771 42.2562337232306]
[53.6529754913709 44.7462848463872 47.2376902116212 25.4508982867227 46.826868732064 38.5849073381607]
[53.9001986749305 44.3613294357097 47.3142938514472 31.1487401176832 46.1825051782497 38.5477168237333]
[54.4447411715893 44.7468865703744 47.2136244731999 28.7938139160884 44.5728333812715 44.9531308497329]
[54.6157945081723 44.7842163107882 47.8615940569085 22.0855003504476 44.6500434254502 37.7843618619272]
[52.0717285603689 40.7681828733353 50.5855730406384 22.3740211809272 43.5168443500894 36.9787631761546]
[54.6530243441538 40.6715813542645 50.3358450204434 28.7433950226618 40.9106932918134 37.4594982635258]
[55.592739480371 44.4206054072066 48.0801922236634 34.8713192082221 44.65162431857 38.7367845342576]
[54.0400213154318 45.3821054022101 47.0547251056046 26.6599667122518 47.0145335149478 38.263527731846]
[54.3613796014715 46.9780750481321 46.3404477521735 31.2896298271161 46.9645849100505 40.1951635643477]
[55.0776729981727 46.4945322395156 46.8630275502506 30.0672827106351 43.2956260210979 34.282535023098]
[55.2516869014136 46.2791060678475 48.1953712776054 27.787038985686 44.8555508487899 34.5258046882551]
[55.8735950090676 44.5333006491392 49.255501081843 36.4642732485941 42.7490301412233 38.0117617832409]
[55.8547165048398 41.7163465861872 49.9194539679983 28.0725567918296 40.6753645745382 39.3297299997073]
[54.8747980830127 42.5060822871517 50.2674051349489 33.2802480206414 41.9373114672772 35.7758883872784]
[55.5365823940793 43.7048135886726 50.9160623259564 26.295993401628 41.9421491888232 34.058386892822]
[55.4181044459387 41.4273635795505 50.4975998029559 30.5339347462413 40.3057316729695 37.571751678136]
[55.2837893976955 41.4287841329019 50.1859774591878 34.9022980407804 43.2941663826926 34.1609641566844]
[56.0552216978376 41.3629242804821 48.1604541036474 30.8932618961922 47.101403421033 32.0439424776437]
[55.97244762001 42.5584452879547 47.0713177013683 36.9389756099273 49.6538039977849 31.7570103109729]
[55.3107990903365 41.9152463291872 45.2829345162773 44.3777569926616 52.2874949609763 29.5426985215726]
[54.7829803852609 40.8238777408819 45.48516377059 34.9076586882105 50.3516895075666 34.0093673556228]
[54.541616475106 41.419714775371 46.5251300555588 35.1092004834645 49.0342364290142 32.0282420832781]
[54.3480644692272 44.6686647107915 45.7783298523956 31.3643345940543 51.6881472644689 28.2804746998222]
[54.1817073396109 43.2774947071192 46.534957031181 37.2387990175395 48.9652726651319 31.890458078843]
[56.0572416578029 44.3840526950336 46.8469583036559 32.2977125063166 47.457976366184 31.3075653467144]
[55.1643390965728 43.746734343396 47.571405745986 35.6220670848463 47.0311339047856 29.2298152846498]
[55.4177858832228 46.0486991483788 46.6242673367083 31.9031201535939 48.3796039572576 33.9857645430393]
[53.8754003663725 43.3397498250871 46.3067432793028 24.8364496880498 51.5346286900021 34.7242891059414]
[54.716872912432 45.9875749258951 46.3648375093988 25.1344747771525 45.6589809495223 36.6382426910212]
[55.0350968580054 45.4184334387736 49.7816204149742 29.7967914232301 43.0193410418875 32.8109341673427]
[54.6966047941769 38.7521060921221 52.3917825269892 37.0435940652 42.6564879395331 24.6150059658962]
[54.8473708694041 38.7215750127728 50.4527553775065 40.7258296400486 45.4009881228556 22.8512917071617]
[55.8484880110152 39.2971951182387 50.0893157658226 36.9765873235367 44.3438577259893 32.3477423758603]
[55.0143904509803 39.749931965122 50.3674146456124 37.7595079551447 41.6906963553306 30.4959390891696]
[55.2311411237563 42.7174329442629 50.6089489296335 36.0390437360036 43.5966952894588 31.0699059787439]
[55.7798970205048 38.0800120199434 52.7634325436562 31.4966634176686 42.9734077918196 31.7421786630075]
[55.51681331324 38.0092179380587 50.7656012643776 32.9538567989211 44.2445339472955 30.5450619609038]
[53.6771174932847 35.3040103113861 51.3894921343436 33.7146794816196 44.4475745454682 35.4774438374334]
[53.1169949621094 34.7018602013532 51.4229514919693 34.6312577205522 45.2603284662805 32.0151464327508]
[53.420707021272 35.0643369459809 51.769061155122 33.0604702067718 43.5779502394846 31.5446052140827]
[54.5521610649787 38.8801146674391 50.5356993966475 35.7321298754464 43.2285277570613 31.6505331490379]
[56.1305559289468 40.7907385115987 50.3430473883502 39.4010035602112 43.8054888585608 22.9202275467311]
[56.8980380496862 41.278376367454 50.7888327879568 30.7581058255827 46.1320095841123 27.6839124721454]
[54.4876915187576 38.0921554326457 51.5381168143228 29.8787403130212 45.457175444186 33.3826736546903]
[54.2693397957005 34.9710671812331 51.9376770496736 36.802021503466 44.1076435390919 28.029204321901]
[54.557116150317 36.4818877845738 52.5305423533399 31.9152110275392 43.2789906500069 34.437326158314]
[55.0052574257339 37.89541523964 50.7801026251411 29.6159999638604 48.1417619825339 28.4748047347074]
[53.8712448701564 37.3104873630518 50.6233706530444 33.1047312991576 47.9071572446056 33.7195223178254]
[53.9324086431922 34.5238559790025 50.1393748483362 33.4672386578168 48.2373541389649 26.2824205961443]
[53.1603729862586 37.0662223096214 50.4299853641804 34.9163117451383 47.1049206012607 29.0909314712932]
[53.5553877181605 33.4834719402468 51.1452696343021 38.0098183947967 45.5898377254709 25.8844472092417]
[54.5603512004794 36.6663657588027 52.0691351176467 32.2368757558369 44.4167962010556 30.1471025453693]
[55.2498192928477 37.5306994794676 52.8084979178692 33.6439430557832 42.4771398677583 30.0567413522837]
[55.2529995365621 36.6297817491112 51.798983353289 35.783165817959 44.3380043319744 25.0021854653373]
[54.3379394478866 37.1793933724637 51.272735657284 32.7479854264294 46.4107603657409 27.1084388998003]
[54.9473196763427 37.1135808698005 50.8876739243026 42.8049356334754 44.4240725506109 26.6356626470131]
[55.5388210738357 40.1629601953698 49.9289958194904 37.9464457683185 43.6691489684822 30.5796885508244]
[55.9886182318332 38.6312224806414 51.2746300968415 42.5998943386266 45.29303939012 24.0585823993068]
[55.7907917938698 34.6557461313142 51.7719506086475 36.1711892192102 46.8499385667399 27.8014992259481]
[54.9174135937807 36.9615350482489 50.6015759974751 37.3097974312901 43.8448348837319 32.7288634776763]
[56.3568129027843 41.74351832821 50.3100061981319 30.6781463093401 41.4632094062947 30.5914832197307]
[54.5428984174733 42.495215515364 49.3763187865787 39.0647000706067 44.3363224554455 32.2654598526581]
[54.7935893205905 42.0968945444676 48.7623937245954 37.214653132237 46.7564542671947 31.5101332086028]
[54.6524128313333 36.9231643437538 49.9628915535613 31.230688505721 47.0938805943655 32.9570188426153]
[55.4462239783018 38.3935364749254 49.9281923254233 37.0440627145231 45.4661109559736 33.9105947776716]
[55.1296156511038 40.7503542490352 47.6600081437091 41.5529968222329 49.1037115506506 23.2596785552535]
[54.222886901567 38.406679074535 50.1785035502813 35.9262834647658 46.918862012256 28.2188484622073]
[53.656099304263 36.6445852326767 50.5205344484379 33.7410507706522 46.3661093321292 27.4352212932763]
[53.7530603152062 36.0201771798901 50.9530634695066 34.6706092600975 47.867544840884 26.7769335100258]
[55.5728469011453 36.6754836777945 51.0135849808215 29.2654921879124 47.0621688065154 25.0736523256716]
[53.8865317230278 39.3264260236096 50.1590814360576 43.6723856791443 43.2013184979468 25.0682699830558]
[56.5263464697885 41.8927425011657 49.6816135388807 35.3074377817272 46.5232113109539 22.253940002788]
[56.2842345017488 39.9147623312128 49.8071934953512 31.9282385145006 48.3418644235643 30.9005829269534]
[55.0207558924797 38.7583307958682 48.1869519012286 37.2737626488575 47.5134696520115 26.8588334377982]
[56.8647691997022 41.7972733567435 47.9355203900002 41.0739771817262 48.8384920269812 26.5546787708105]
[56.9542399166696 40.1560806140016 48.6744387515582 36.3484012270563 45.7175614293769 28.3513847122569]
[54.290208468817 41.5745183473095 49.389876102732 35.4325631669499 46.1666306540146 31.5063819747813]
[54.3525504874687 39.4628810493999 48.926937115458 37.3982696321119 44.5546279915974 34.255693839659]
[55.6198386969544 43.2261867540033 48.9242571140416 30.7870716199111 43.0300645727688 34.1071872803262]
[56.662529718339 44.7710343780366 49.0207799086218 33.4740793608048 42.2263098775 34.4056985604313]
[53.0691201816817 40.8516173897807 49.7098416652084 31.5609290273366 45.8700873646507 34.8974729067006]
[53.6396507350476 38.1864137560463 49.9363390261818 34.9802742269315 43.1365119080271 35.6068016744513]
[54.1217148864115 41.5014181557652 48.6000233517234 29.8638487841341 45.1906356156679 32.0813103628379]
[55.0166274798253 41.0044149536826 49.82739437434 33.5621355348336 43.3034812892538 33.352446715837]
[54.8743818541732 39.7096556190417 51.0720188909564 36.5803251946034 43.6252344320499 27.884162826114]
[55.3877203232694 39.5397224970057 50.7936674755038 40.6850246512333 45.7943109065282 22.5023421518637]
[55.7214314971149 34.6439496673806 50.8822974933755 47.0493216305444 46.5906056061559 25.6519287295135]
[56.216155162567 40.8899547265865 48.8547709403076 39.003928053861 44.9330740126173 29.2296016795254]
[56.1905398474043 42.0348161832927 47.7955232035215 37.5494559936859 47.038444003183 24.0088608214974]
[55.5185026357104 39.6272874472441 48.0060482438811 43.5901233949265 46.9933321500382 27.9977372357339]
[54.2649453762885 36.8796213213555 50.2980267755447 38.0491723532762 46.8396688236883 27.0658830768179]
[54.3287597942886 38.1259286142845 49.2226805519712 28.907359417488 45.8324700540493 41.0483415139059]
[54.8171116284336 43.2899508064022 49.5406965843071 23.0755092674425 41.4842463251246 42.3085211116372]
[53.4693864034581 43.2384925581227 49.2361446648505 21.3215858263647 43.0313450419022 45.3903063606061]
[54.1650687754838 44.3451174303417 47.0677311613661 26.9188174276737 42.3627800575572 48.2976813649979]
[54.3497652030324 47.2422642557096 47.3077149903932 25.6553599988436 41.8423175561993 37.2589956578272]
[55.9108961431895 48.1000240342242 47.6625040491444 31.8699922137153 39.1384879447275 43.3895172051854]
[57.1109864022381 48.5636038167481 46.1771674669639 27.4752135668931 42.4667543666524 44.1202618059599]
[55.5796974763402 48.9823733199551 47.1409630718149 26.7580591651976 39.3701491758257 42.9085763317475]
[56.7293373354643 52.221008874019 46.5926009363859 25.0059196163631 39.656023377244 46.9355733068489]
[54.9960277421877 49.0806791706406 47.9257514821768 23.7110565261647 39.5986130652562 39.5870968649245]
[56.0246097727272 47.6758244231747 49.6758983679646 29.6401507133128 38.602672170401 43.0715619676535]
[54.7504303794737 41.5850206108613 51.6958609588251 25.9602724598295 37.1072690842386 41.9685289977593]
[54.713150322075 42.1561944402374 51.2236408805104 39.8954080246029 40.1728977881003 28.3023453787122]
[57.206974568894 40.6592530006945 51.8531849765509 33.9135519523643 42.8222055912135 28.582280994052]
[56.0971939834772 39.7850318569174 51.8103752236886 37.4178308473342 44.3612816486612 21.9211208417432]
[57.1433951429359 40.8471242982989 51.4966793717049 43.2875933208058 43.6559332186722 29.1339512363124]
[55.4607674245232 39.0165415923041 50.3342282162117 37.6039349596172 44.4538573747941 32.0137894223511]
[54.6665320780159 35.5157160134165 51.4829752645387 38.7261896448475 45.466446292065 20.0311355052968]
[55.6039234818522 39.0269232331397 51.6811521137335 40.2204071865898 43.0405595557766 29.1324629159595]
[56.7216952465621 40.7425867823264 48.953862149295 41.2927678572254 43.4706596271813 24.5054554185693]
[55.8242939270317 39.8236313113897 51.2324471991814 32.6850813576244 44.1361118909398 26.3766226371322]
[55.3959506599092 41.3983208233833 51.0041793358865 32.2205575488792 45.9542015523594 34.1934667086307]
[54.8272558736627 33.4654561121014 51.0012903811025 34.8992286385456 46.8024786951978 26.407991091991]
[53.7412363274649 37.2546407826009 49.31270222104 33.0157587867895 51.3115340748561 23.0497483857429]
[53.3941274060931 34.6094142705354 50.3469303782007 31.4943882433709 53.9865420328887 21.9925866948344]
[52.9406559168074 36.1055073486385 49.4880741840227 29.4484742347726 50.7180952299046 32.2869220035831]
[54.5025711540051 38.5857509532982 47.8057706631699 40.0450301317498 48.6976831909748 30.627299043061]
[54.4625337637016 40.551543479057 47.1216495936709 37.3352677381133 52.3897235583596 26.2698093919447]
[55.3264584817321 42.1766459604234 48.375310525435 39.2120984477591 45.4714222442168 31.9630606343223]
[54.523557363798 39.9029041662242 49.60778311309 41.6069792961679 44.5274513351975 24.7517821780663]
[55.1568583799699 41.2623392297536 48.4813868188342 36.6182120643701 47.2107093686298 30.9010380125855]
[56.0882023559099 43.4800387482709 48.1305661670837 39.7729260045727 46.1020445747017 22.4282997796576]
[55.3481671144544 37.8573545544943 52.6541466777351 33.2420469643482 43.1046387318396 26.8473690736262]
[55.422445119361 34.1534702263524 52.3918245425069 46.0236025395136 46.6256652836533 25.7707797167332]
[53.4798129593178 32.0354336673815 53.6240183737177 31.8133987894691 45.5872632622454 32.1219793113446]
[53.4758843022471 28.69108648811 53.9819894688012 38.7476873492621 42.2221965957657 27.0935539850994]
[54.5700593320725 32.4762591268197 54.2886569670909 38.6123685952104 41.326679122797 27.9725245035917]
[55.4603596047582 32.3610837186237 53.0360429688991 38.1454134034162 47.2674490796507 20.4072073798857]
[54.7058591122435 32.4498316262499 53.5475144714814 33.5987290569501 48.661578030931 22.1425863780894]
[55.031817176768 34.181576168499 50.0703614550267 41.7368523104948 46.7759335048397 24.2271222315509]
[56.2097567789695 38.6274677604906 50.558914074783 40.9901208983327 46.6602675525452 28.0939765774198]
[55.1903030165781 34.7443937132332 49.5299874767737 41.8925263951571 48.0575487105572 21.4202946429707]
[55.4894702634608 41.1231016679215 48.5833831205753 35.2649756851978 46.6471703143048 31.2728430420281]
[54.533695870604 43.2928356418575 48.8515639359515 34.980335777005 45.2966625926906 29.9871044939483]
[55.43145297156 39.4854551782389 50.7803419208296 29.9053669042493 43.1802486253777 34.063986254743]
[54.8239483513291 42.7998689261496 48.5832666567675 30.2390770875103 47.1660856794093 35.4419827444723]
[55.8953927545297 44.6032695063533 46.7048637101178 37.8470293811719 45.9693719140389 31.3546238621845]
[54.0883577537499 45.3500244039228 46.3435062925669 30.712450733909 49.5812438220848 39.4968877287823]
[53.9932268172416 44.4336496174341 45.6371577755772 31.1908492235159 47.4564004769299 41.0445826770097]
[54.5851439084918 45.3717492529436 44.9030169145409 28.6344667993024 46.1978480422878 37.4368675559016]
[54.8297177619674 47.4790470048888 45.1715234824658 27.176512155502 47.8376037473572 35.443944118707]
[55.1489314792919 49.4044364621113 44.5479536539784 36.2376035749969 46.3002314318752 38.1138223336162]
[55.1573503876936 46.7087721938431 46.2467861931464 34.0309098204647 46.047796112 37.7643280945356]
[53.4756529503129 45.2068312710485 46.5619048513985 33.8230861899065 42.8472634634982 42.1952133695671]
[55.324830103885 46.4792282275384 47.0148345322424 36.1987312845281 41.9386671344504 36.0461372730783]
[56.3528641725495 48.1047024246158 46.8844792066974 33.524972021901 45.0113541100441 30.8407499906053]
[56.1421287991316 45.3037417700406 48.1884601467959 37.3361806853812 44.8858376767653 29.7946295657881]
[54.7873401052574 41.2560953998265 49.0922577152761 31.5923293530271 46.1827200516362 34.2429024891341]
[54.6762462889711 39.8177221284784 48.6327607648884 35.2256473853829 44.5824517706888 36.0909813159519]
[54.936271080751 40.4030490927164 52.2059281830002 27.386014226327 39.1224354990282 29.9666545248637]
[55.0107828818218 39.3213303578259 54.1649712703303 35.4799307440272 38.5860550806755 27.1121754124181]
[56.4074727231517 34.681059719833 54.97405521732 39.4932852133874 39.359343111884 26.0178931043708]
[56.1145159447784 34.3016910022135 54.5134813655321 38.4144959217066 42.7540839311541 25.75556380301]
[54.9403020855119 32.209395318856 53.8836692175679 43.8907037010456 40.1220385085576 26.3478725880927]
[55.0848582291219 33.9664288740141 53.6976594367532 39.5881531018476 43.916483174195 21.2381511378452]
[54.5267928183956 31.4866319690049 53.3060635283091 45.0162148682217 48.1162314281691 20.8629873524912]
[55.4210098140812 31.8673974031032 52.8317897713398 36.01643384754 48.0471653544623 26.6860971635898]
[53.4222561986806 31.9907017505107 53.1496212484978 34.1017326833867 44.9225968242233 26.4021323648438]
[53.3842135054664 35.9925179517623 50.8777952719495 39.8752519496924 46.5152543718473 26.2967031349889]
[54.5120752311073 36.2165432232553 48.9790550323336 43.8001391389658 49.4626792483335 20.1769998658447]
[54.1541648206211 41.3921241604008 47.3881020581712 40.7609650524849 49.5188638314545 27.1324243873413]
[55.9255931501298 40.0045211857892 49.9278294085349 36.3801794623509 45.0039076678442 28.7330634846227]
[54.7865699366155 41.9321592396364 49.6929103127648 38.2686645626596 44.4036246171069 31.5681076577521]
[56.4536775971131 41.60743368642 49.6579859914469 35.5305632509174 43.067953003 28.6648680038871]
[55.9302594933458 43.4952725887713 49.2056292339348 33.4498510800777 44.9455644822128 31.5516378876699]
[55.1772682885892 42.366898513408 49.0065141925752 37.5611489887109 47.9005029888926 30.1899893734157]
[54.8629649757894 40.0685637988036 48.92591690271 40.449264542895 43.7084701059021 31.4199527153934]
[56.5528551607435 41.6305087844234 48.979997293985 39.012173686943 41.9388786810591 28.1567152966098]
[55.1115119674455 43.7324883814671 49.8062275374319 30.5570893037503 44.8113274454279 32.5541030773543]
[55.6275997145316 41.9941766021614 49.3060832966735 32.509842016665 46.1196425504968 34.4631820653445]
[54.982172356498 41.6462918713136 47.2372250075851 34.0274617061908 49.4526487006867 24.828041563786]
[52.5919611803222 41.1115509581361 47.6133367982407 33.2416646219632 50.0495887545229 30.6718649510164]
[54.0890921096232 43.0695221088716 46.7367522852215 32.1777801343163 47.157257792158 30.2031256757154]
[54.9225123425055 42.4335590578846 48.7655166508829 32.7725792326117 44.6618510500462 37.1867156615917]
[53.3673427907663 39.4246862354972 50.2399520376363 29.5715494099424 44.442295611097 38.0904366702551]
[54.3173246913227 42.3707859406698 49.7582556441841 24.8306589252665 46.2320490764923 34.5528426774683]
[54.9701006010869 43.9554529265159 48.744197602906 25.6727924201187 43.6528248379961 45.241892142997]
[53.6243008808695 43.9785427528269 49.0355904476445 22.9315313602966 43.0119133760128 46.6995507817388]
[55.0458388730317 43.8819667430979 47.5765375558745 33.3710471852413 41.9178611175582 35.9410303279996]
[56.1811337411116 45.2191077429299 49.2745645888947 28.4241895485579 44.9744801714623 26.7459350250687]
[55.9977852177604 41.2433466022401 49.754676597217 36.2741267368583 41.195659368221 31.6210916654986]
[55.1562999220838 44.6813238999216 48.5002107948614 30.2740138163347 43.29877441175 33.427919375812]
[53.8865701433015 40.5720531268443 50.5704049447188 23.633481825701 46.9255201734791 24.0068821044648]
[53.0280544337236 39.2877455851269 52.7932694487062 32.851981746159 44.5797240329974 23.7501136036089]
[55.0997001749321 34.8992290086563 52.6969414521828 39.9317844415566 41.2049525087809 25.3240663448924]
[53.9006336559929 32.813462867064 53.9429110488074 32.1397307428109 43.1508536344883 35.5659812269706]
[53.7761786575336 31.1122407397212 54.245268641597 23.5320490460281 42.9814691692367 29.1485113744985]
[52.4981678408439 32.4202822200078 54.5350057464038 37.4375622014906 42.5454388019912 30.7181165930343]
[53.9975247627812 31.1069137562301 54.9617082269646 34.1187614656538 42.0795012620246 28.3879413073699]
[53.4879329069183 31.8663155929201 52.8837990315368 39.7618265242647 44.2138257664077 24.7298355872937]
[54.8942376725476 34.1908061381352 53.2626798895854 35.861742420612 44.4074151753794 26.270886598527]
[54.1736451296817 36.5029198235701 51.0101271870326 38.171588333313 44.2690299205844 28.3579129228822]
[55.3984458864532 42.7308019499199 49.5682338786896 35.8691873595429 45.8578187367338 28.3276687642306]
[55.7676069843978 43.1567448563338 47.9256123705213 33.4812180130782 47.9422302673096 25.9001709984989]
[54.9243922848612 42.9518466672737 48.3213756766091 36.6313008946032 45.9083100267424 29.9998027305758]
 ];
*/
