/*********************************************
 * OPL 12.5.1.0 Data
 * Author: Mateusz
 * Creation Date: 05-05-2016 at 22:52:11
 *********************************************/
 
 //***************Sta³e opisuj¹ce problem************************
 //Realizacja umowy wymaga dostawy [need] okreœlonej liczby sztuk komponentu A/B
 needA = 1100;
 needB = 1200;
 
 //Limity dostawy zasobów produkcyjnych [posSup - possible supply] Z1/Z2 w danym miesi¹cu M1/M2/M3
 posSupZ1M1 = 600;
 posSupZ1M2 = 700;
 posSupZ1M3 = 550;
 posSupZ2M1 = 1400;
 posSupZ2M2 = 900;
 posSupZ2M3 = 1200;
 
 //Zapotrzebowanie na sztukê zasobu produkcyjnego przy produkcji komponentów A i B [part of Z1/Z2 in A/B]
 partOfZ1inA = 0.2;
 partOfZ1inB = 0.7;
 partOfZ2inA = 0.8;
 partOfZ2inB = 0.3;
 
 
 // MPO parameters***********???????????????????????????
costAspiration = //?
riskAspiration = //?

costLambda = //?
riskLambda = //?
beta = 0.001;
epsilon = 0.0005;
 
 //***************Scenariusze************************
 //Rozmiar wektora wartoœci oczekiwanych (means)
 expectedValueSize = 6;
 
 //Wektor wartoœci oczekiwanych kosztu (means)
 expectedValue = [55, 40, 50, 35, 45, 30];
 
 //Rozmiar macierzy scenariuszy
 scenarioSize = 600;
 
 //Macierz wygenerowanych scenariuszy (vecR)
 scenarios = [
 [50.4676515454636 59.9269368495294 53.4468456722046 20.8998298922593 36.4460158824384 36.789063346637]
[56.5765394867646 41.1041032186706 52.6370589323202 35.4439903931599 36.5549367310648 29.6347500969263]
[56.9777229511977 42.8599881146251 54.6073195838943 31.7141043795201 36.9002698415002 35.3563697597656]
[55.7116605336386 35.6870898127329 54.6141426464366 35.700405534163 35.8465449875118 30.9287118000964]
[54.8988267941682 36.165128922777 55.7859577582208 34.6536398097337 38.3361859103198 29.1532269777504]
[56.2281199251087 32.8126640247389 55.5457931628175 37.0130449294851 39.9082704736851 23.9177388973834]
[55.3872631650037 35.4182407951327 54.7540928840737 36.2160975936868 43.6907303851069 21.8238407503062]
[54.4473844781325 32.862038538523 53.4073099861717 38.0564719858751 43.9369851369473 30.734634177109]
[53.5969545186419 36.2301516594822 51.6294304207566 37.7409207576896 45.2512799075472 27.4418588709816]
[54.7157414022394 35.9013268434696 52.2899961012326 36.3845072301807 46.1995423579819 20.8829993325146]
[55.6102359775783 31.3764849582663 53.1053188884617 34.811195648178 46.2858363525225 23.1003199648518]
[53.0408311145849 32.1798670882301 51.9935430397295 38.0425063662535 46.7747482866429 21.6783150175382]
[53.9247043471146 37.1852572155955 50.8519075843886 36.0252328957761 48.5901786722237 27.7982011675035]
[54.8581503087125 37.8795233411556 49.7082874228122 41.209082481171 41.3635137392092 28.4823935947424]
[55.6396105237801 40.5357293783089 49.9187372243956 38.7366156154189 45.969636696033 26.4856056722898]
[57.1968260825793 38.8608049819818 50.3678826017012 50.1449106838512 43.7186881622538 23.51851426651]
[56.5854510353024 37.4947672087819 50.6198627404682 45.6325245879632 47.0788981992296 22.3661595797087]
[54.8120036516016 35.3331340257075 49.2639642623585 42.6709380045199 48.7341058233765 27.3269075875498]
[53.0159563199764 34.5956274969622 49.5314484364957 39.4900292437207 52.0612463941317 26.0492385046242]
[52.2286626715195 34.9868183573997 49.0141692149816 32.9599563804573 52.7217134355363 30.4737986656179]
[53.9912564576818 33.984037361044 49.0283951697561 32.7857075759438 50.5684941570904 32.3163274657952]
[53.4910418273371 35.3265375702167 49.0174883092808 38.7286329360154 46.7574519777546 28.7999175801573]
[54.9388943038305 40.8157720508849 47.7633690672177 40.1022044210374 47.6073909609362 33.4519148259826]
[55.4044693729443 43.8269151093005 46.4390425676832 29.9246166622203 45.8157910673785 40.6930405141684]
[55.0409218621106 45.7814232377825 45.5959774901355 32.5241305679284 46.3018613388468 33.6417492209526]
[54.3934327914837 46.8364452783988 46.5331890715871 29.6198354936415 47.0867149848428 36.7395905279928]
[55.1533416942173 45.6216005743024 46.8733303261884 30.5215769975468 44.6443106292871 36.3745475374778]
[55.2174098628949 47.0880992915602 46.7332266512488 31.5462002094794 48.3187505482628 32.6230530536519]
[54.4186277696947 42.0072921090404 46.9056095005214 32.7498556003108 47.0656446683385 31.4867042822199]
[54.9295391466341 42.7501633989921 47.9043643554534 33.9309826927252 47.4652977035062 33.3150770794567]
[54.2208190795324 41.2079920465403 47.5168166604807 36.896004648223 49.3212311608424 24.1203904551267]
[55.4593619097724 40.283179053894 49.6742706183641 38.6674989336207 45.6600363906858 37.806826499141]
[54.6263219093285 37.1773404196405 50.6891313488774 30.7963035530681 44.5284575101643 33.875732507338]
[54.901941573562 37.80432314204 51.2865024248476 37.4082088152716 43.6531085211726 28.0131035150654]
[54.5278335355302 38.2116994533667 50.7246463074329 36.5656014967878 45.1604183823806 29.89742587804]
[54.8817146965264 37.2605713306207 50.2432553074997 38.2487848920842 49.4599732904212 23.1412743294304]
[56.2014246490546 39.0626441994133 49.2282972866196 40.4753888873199 49.042884902224 23.6794871782825]
[56.0915193963152 37.8333784123425 49.5865469291816 39.7733416475691 49.7129867386831 25.4824803097476]
[54.9749161270355 37.1047805614386 49.6325551270805 36.2856332151271 45.7682625424621 34.7798055276994]
[55.7760262626402 40.2870765185171 50.2248676914209 34.4976251808526 46.8945999386082 25.8955421504818]
[54.9097041860641 38.3821168389564 49.4921918526691 39.343092953499 41.7259959007231 23.2387165760455]
[56.4548253735328 44.2771959903228 49.6003753654686 38.4303682514519 46.2651336688567 23.5821393811509]
[55.8611959109678 39.2111709447033 51.5149898498255 37.6038255142744 45.2161983014374 30.3647241789079]
[56.1540939524043 40.3183789293965 48.6381293983126 36.2839920358775 50.2588067274346 32.9889677523137]
[54.4341030557727 40.1721443939648 48.6964873970996 29.9157619258175 53.1046837102714 30.0781757715156]
[55.0343846769384 40.3101720447032 45.823239877362 37.5182438494413 54.0205657909685 28.4120822069654]
[54.220357383779 41.1440580111807 46.2129569401881 39.000141896424 52.4180490168536 28.6899221530325]
[55.8505888572776 44.5492684502603 46.3399729093004 37.6810640867752 48.3512698416617 25.8483039300053]
[55.8174854368976 44.4742640146881 47.7749625821319 42.7250087871617 44.6256615222459 26.8807666804128]
[55.3968389329256 42.8594486493194 47.9503433005266 42.4252971842794 47.4431738502487 31.2298580686999]
[56.5384504317484 39.7435226289095 48.3063048423944 36.3750609285605 49.9112223076738 30.0603462861925]
[54.204623964735 39.0215087836793 47.8263663035275 31.7842331344855 49.6598493660216 26.2846089060232]
[55.7804355148931 42.7625733409999 48.3059552655275 35.283359169193 45.2677590905428 35.1235340555579]
[54.3564259056832 40.643941064695 49.2355222780677 30.4100127719147 46.9729295421669 28.3437433122218]
[55.471156853562 39.5023872074127 50.2611503538306 34.5668234898897 43.8385357730615 29.5588552267292]
[56.6221669641913 39.1891460168946 50.6435554186061 39.4710350315713 42.1378491760954 22.577842567322]
[55.7499338534739 40.093589577409 51.2472525707921 42.0757918890963 45.8875297342596 21.5870507611858]
[56.0201249936612 36.7286975717402 50.8148790774717 42.5026340059642 48.9052832658739 20.9385645399019]
[53.7303668210891 33.6962252341991 49.9867893100571 38.2097965965989 55.2743975727243 20.1324305221155]
[54.4377349402714 34.3095608060341 50.0194948121681 43.9239673338481 48.7671982473076 25.9642798819663]
[54.0019197368127 34.4420043468295 51.3619609718236 37.5441705598643 45.0190379222109 33.0564730530286]
[54.3947389453947 34.8796455059521 52.0456625425187 30.2138641388662 41.4332002170654 30.9450514472139]
[54.0535325422333 37.8704684899956 52.8177219201301 28.5564183812428 42.2832495455203 32.1072306114935]
[55.2869497481788 39.0010915803494 51.3525243302589 31.6100702642317 41.7710046681039 34.0104043645329]
[55.9043753361642 43.3595675627847 48.7910684526507 34.5529782966118 47.5612283469613 31.6904834179585]
[54.6069798646175 39.9181717650357 49.0310136887324 34.2161011530672 46.5237074678545 25.1689334507259]
[55.2254305456906 41.0873331515093 49.5004374736874 40.2579061968228 44.7735768479296 29.779454519446]
[55.696762306447 41.0993473282736 48.4691196161555 33.5294632754228 45.0251889717415 30.2718328347671]
[54.4223187243136 41.3014123169097 49.6585285434402 36.0597618091697 42.8114319097743 36.4764259218946]
[54.6399832335685 39.4296228843329 50.9288158688261 24.4776017814745 44.3709334845286 33.8896674945849]
[54.5047388949773 38.5700566895337 50.4804918201501 37.7776624191251 43.1507096574057 33.5605273535898]
[55.8902534035794 37.6797219347368 51.6863269491026 32.4345412320033 40.2023753084276 37.4079178106756]
[54.1341470262182 42.0421000992363 53.0753202018042 32.8346849502113 36.5394567949739 28.6224545833005]
[56.6930004504524 41.0170513499322 52.8763634716733 35.9860658237736 39.1081145304651 26.3706290159908]
[57.0244180538955 41.351862730332 51.7039125931803 37.3405044977297 42.4226854858838 28.6812412127462]
[55.7764609394308 39.5911389188811 50.3372756174269 39.1450263448189 42.4498027063833 22.6189407785776]
[55.2564405664648 39.1727078541332 50.8100779598934 36.6304318500758 47.062425960053 25.1082438556377]
[55.0899061499784 38.1766464532648 49.3657288243656 32.5248000025577 49.0230231966287 27.8420921262788]
[54.6986126615454 38.6502386864463 50.2382478825966 34.33162111908 41.8177812873341 27.9786502752033]
[55.3299216985712 43.1680587746967 50.2185839277373 40.2334900590701 43.9455043898947 24.5625833699746]
[56.1267378160944 40.4865740814049 49.9331211448771 42.7279912563639 42.8882210276067 30.6222834105169]
[56.0358358585344 42.3407291557611 49.5981130052008 35.3780843593735 43.0764277255145 28.337370359142]
[55.454128542639 42.3701705859144 49.9638518962867 32.0075015791318 41.7864671051451 38.3202201073507]
[55.6883105872233 41.3957965767873 51.2021195076041 31.4570555049273 36.9463169886682 38.0613674376819]
[55.531563087659 46.5221411789589 50.8166929903673 35.9888145976716 37.3892092747717 29.7144272588677]
[57.2988649252188 42.8633051133445 51.5213475953455 42.7765609424116 38.5855309268707 33.3836301766007]
[56.7656815926268 42.5397212359249 51.2805812199865 42.9864753776952 41.3416243291108 22.1986171253467]
[56.7952114389917 37.77995293872 51.5698152238367 45.7131066110396 43.4358776161031 23.7835551347116]
[56.3632787963806 39.3936040804697 51.076161115549 38.3138736457095 45.8454400485412 26.1891443360063]
[54.7705624980312 36.7980004035778 50.4738470636156 35.0430652586021 47.1605744605521 25.5378584255422]
[53.9386149329534 37.1040915991433 50.2950288924665 31.8936960212756 43.2422583107189 30.4575110520262]
[54.910604801182 38.1116312887391 52.5432400710161 28.5785421126445 42.9221672506287 35.7403387697834]
[52.8208163448214 37.6060186337264 51.3913176437651 27.3655821942535 44.5398666145992 32.3388623405294]
[54.5006204651093 38.5683671027148 50.7871548432724 39.4263419688188 44.1674428858466 23.4501298589868]
[54.8655373576439 41.2260780240571 51.0034228216808 32.914965705347 43.8210031095547 31.1739183915641]
[54.5041914676002 41.0787228926276 50.6897956193746 27.7388890494777 44.1579215347522 27.0291954807312]
[53.8011647501253 39.6657743334923 52.6968775656213 31.096272977337 42.7838362234674 31.1026320357395]
[54.0371489551696 35.1179631885689 53.0140677434629 37.2239805317404 42.9761244279363 24.9020638932853]
[55.7958285201056 37.2850228872512 52.8106064172619 33.4399311523579 39.080858824794 30.241657824585]
[55.2150414822907 42.4515567672018 51.0699738962712 35.3733349462545 39.8030149668313 35.4233975321974]
[54.8920506811203 40.4749534030958 50.9032319603075 34.7044953025057 41.0463089700875 38.8669199583686]
[57.0923350735152 42.4280434579618 50.2826859491629 37.1561628673784 42.4269961424121 34.260892819351]
[55.165838406944 38.8713081094166 50.5141156287172 38.6268073489856 44.3263355098028 27.3914252334922]
[55.6236831908825 40.8467411585103 49.9521207761077 33.7853846725127 48.5395928668813 27.7359000460645]
[53.2454336335506 36.0089742716374 50.2770210493317 31.9546413382045 47.3907590594883 29.0065633990542]
[54.4758587303463 39.647917819728 50.157807960759 29.4222328414323 46.2913352424425 29.165009607779]
[53.4402274797172 40.5189676762062 50.2903303907838 31.2208635462648 45.0843069508789 29.2490495209872]
[53.9654152155425 39.5991748475869 49.6766359360602 34.6158881987703 46.440006286352 31.0502499908091]
[54.6146531622234 39.3497563973447 49.9502325173103 34.1475221362686 47.2084685932062 29.1127755585851]
[54.5862631608995 41.6311278395278 47.3054370917613 34.2778890038041 50.2183714087331 32.0837229441845]
[53.6973044725998 42.7702789602047 45.9046203209459 34.1535258924368 50.4257514877335 33.6661323759994]
[53.7434906600947 43.4408344091138 46.0804395023516 31.1709703980881 47.407004223749 34.8303998652652]
[52.5055546907959 44.8177748999904 47.2039313034491 25.1769295512766 47.7920242063035 28.5080916122772]
[53.4451174019117 42.802654231884 48.2845580827614 35.2105426859004 46.8544354805252 23.9559856678515]
[56.1407238302917 41.9362873986597 49.8144286359116 40.6438024539412 42.0208163262795 30.0345815720077]
[56.1914714000161 41.7086677325612 51.1446311514364 41.6529489501557 40.1650772829341 31.5519973791679]
[56.3264480717882 38.7866432904973 50.0692591964587 40.4412087201064 42.8633808963935 30.823820424672]
[55.4981940438406 42.5385252202444 49.7687007682976 35.2537119453736 45.598630877306 32.9934224135953]
[56.5010636279488 41.235181922714 49.5205500740657 33.7902682650643 45.1069919146177 30.3504780657573]
[53.7799255378671 40.6909358542077 50.5106789394694 29.7394110137506 46.4642531514445 29.9619163339484]
[55.7120262647711 39.8813998424211 50.6556763288036 39.0144229903826 43.8060391683905 28.2270764438011]
[55.121040566345 37.2398059462838 51.2275427085289 31.0419591626893 43.7911075278129 24.3533224450368]
[53.0737078694963 39.3652284627023 50.6552290259267 33.5625729344545 47.3662593269134 30.9749040856769]
[54.3595738265969 33.3682983634328 51.4528957626235 40.4847932095985 45.7809653188074 23.9170542689678]
[55.2017909098556 36.5515716388617 51.1460099705037 40.5096063643214 43.1253835062993 27.8591452881233]
[55.1762948127179 38.2968948489635 52.1539897332592 35.6310407445531 42.4022689186529 28.7086486579812]
[54.517282882258 31.0488153149039 55.5016266611227 37.8668752806275 41.6473031940577 30.3278853148122]
[53.5067555972886 30.7424650861787 55.4635972101304 28.6306382104128 44.2841037781232 22.7511774278936]
[54.088075698356 30.2714873940858 54.3126611508401 42.0049971804787 45.8697873605455 21.0123604403197]
[54.187254320637 30.6954267566075 53.1338055757622 38.5267484671715 45.9140376610567 26.8678733455092]
[55.4247585224312 34.3323679313719 51.7464529093736 41.7022958016757 43.5270925764048 20.0444992567034]
[56.7455114937397 37.3242584008001 52.9626653823552 45.0040993383437 39.9912845213187 28.8193975567507]
[56.471396379955 35.8425857453547 52.5083386804935 37.9137372506367 43.2732853890434 24.8686315961314]
[54.6333390166728 35.7941808929437 52.2635544460616 42.1376693357354 49.2763491782547 21.455593886808]
[55.864739668895 34.690695736375 50.276975635571 43.3963219454929 46.8139907925993 21.652994629968]
[55.98611271429 35.7593371265135 49.8377408689481 42.9011787684504 50.2383922423238 26.4088716848123]
[54.2505550483363 31.9624046221866 51.4072541855633 35.4738270069279 47.4941442113864 27.5017288516076]
[53.0906120672234 33.8175815801298 52.1524298040735 31.1189794785008 44.98875109407 34.7859219003816]
[53.5149504606861 36.934411415962 49.9525682193158 34.6513225342974 46.8718362993201 34.9703373876921]
[54.5187972726766 36.0017146816021 50.3823793183915 34.4997108825157 45.5560542840013 32.6447336200054]
[55.014222453358 38.8065659665286 50.4533887595664 31.2987836074894 46.1019085398787 34.7421173737232]
[53.5290989301041 36.575511859111 48.8780512735541 40.3612696423195 44.9874109275375 36.0831790616891]
[53.8992380586905 39.709015743671 47.9762838006164 28.0488061280135 50.5421882076143 25.5123476623266]
[52.8257321972167 43.1571951243739 48.8666570823299 27.2663111467088 45.7870357903757 42.4487534230508]
[54.548848647778 44.2468318089159 46.5408784757456 36.4973159268299 45.653567494257 32.4594118378286]
[55.728600387889 43.5840235607045 47.587045149792 39.6683629230796 46.2109949694875 34.6201167789683]
[55.941547298747 42.7957048796631 48.3321711204898 31.3049144119367 44.6186366821596 37.1547432135791]
[54.6041175426291 41.8740206635132 48.2723561187874 27.3692242247467 47.5253685746717 34.9298500678813]
[55.1380862253665 42.6519007300405 48.3075471936651 31.6640009619636 44.0890208123728 35.7979042395246]
[54.7239218496547 45.5876407438972 48.2007536465427 26.1339048836238 45.6991545832322 34.3043781824583]
[53.5236718336703 42.3305703354496 50.1025815369817 28.6632025067498 44.2583921708862 37.9717040353789]
[53.9111017407269 40.1972373321402 48.7922134734713 38.6270584057596 42.6781947147897 27.6683868786536]
[55.5767591806975 41.6063960436566 50.5817780608451 39.8195767145461 44.7859006872628 21.7986699893614]
[55.9345002149017 38.9036966884899 51.4173883075569 43.8649768561531 44.8124871744796 22.7067381584374]
[55.6744007631912 38.7070502264182 50.600658459653 40.4225986445196 47.2127112933972 20.2932224059445]
[56.6907726538895 40.9289484942498 50.6427067730665 39.3405967942614 43.0565478826191 27.8767222840013]
[55.8088916711415 39.2130205688857 50.4161836533548 40.6977160342584 43.4467694493143 26.6425841893095]
[54.8265647826725 31.9428929123584 54.2882072981172 36.3318267713838 42.8094289628553 30.0306776210892]
[54.4948692132886 33.1967458024847 51.579112142736 37.4141376255139 45.3696331780825 27.8646961824139]
[54.0977711106475 34.522851804408 52.3019905401724 33.5340714332444 46.8680515732229 21.6127836320934]
[55.0263454465689 36.0203721994157 52.7620430753428 33.4511344122434 43.6837273133497 27.0954704331673]
[55.1222796136016 36.2426879955686 52.6006768149445 35.4492095911752 46.4029258145259 20.6878655028164]
[56.1093888564693 34.4833352612475 52.2651096661256 41.6916090298191 44.0075240342883 22.6813579491352]
[55.4050195454033 35.9734882898697 51.3065045104659 40.8021239800955 47.4396105879501 26.66727394996]
[53.7841485921397 34.2624835143942 50.6540047411595 34.888443631941 49.6745166095 22.9181055866945]
[55.0126428568972 37.4940166967722 49.9946210279245 40.3402663831795 46.0565371550625 31.366480899659]
[55.9312322617459 38.8744445771334 48.7231553930876 38.8325021327297 42.748282744802 36.9141021191551]
[54.414760104225 42.2040095485092 48.8338976639371 33.5472106489452 41.655958797011 37.1132341712069]
[54.2784305679917 41.4427636156441 49.8398577146275 26.0961941323987 43.5902962412506 36.0988362202883]
[54.7880769880318 45.5864457412377 48.824996650146 29.7028725242177 44.2254960791018 33.3057811768847]
[55.9531008543221 43.8358581981827 50.5407318581021 32.8784663276586 41.4575640466639 34.0588711917799]
[55.3732153456094 40.3450000035706 51.6725451750418 32.1178952084195 39.6260391771437 28.3629173045753]
[55.8291080583628 39.2674696180378 51.4471621756697 34.3063490704559 43.4164696348923 25.4751745633586]
[55.8599803456434 41.3007008382489 50.4075307085278 38.7984053668768 43.9502506188597 29.6318855430567]
[55.454769452764 39.4806368474826 52.4057484268611 35.772730516524 40.8431123110235 24.5529071788967]
[55.8208301626662 41.0334104907566 50.6855821938231 44.1977518955514 45.4477157257149 26.7363219746278]
[56.4163921690023 40.4788711837057 48.0945237291183 40.6835715306662 48.4568645444393 29.2827825943167]
[55.3495997771322 39.2605070807593 48.932027177029 36.6497640208497 49.6007976730916 31.1725092128519]
[54.7384861961133 40.9207417523341 48.6636521901352 35.6366770506894 47.2655427044328 32.1158256590895]
[52.8762454429237 35.0461026173479 49.9581090791919 33.0059277497974 48.5860744994425 31.6272443359032]
[52.8662887225338 36.4946841783395 49.3820523329395 30.7515899211398 48.2537615433141 28.9701533878549]
[54.2907862041323 37.5278022750481 49.9487868741341 39.0119269579485 46.2546885862675 22.7429901892007]
[55.5188014804427 39.9439110699441 49.727203192774 41.438464423036 43.354283091477 26.7896562004978]
[54.416903095476 40.132831875755 51.0143198776145 34.2834670332569 46.3800347350671 28.9708950190437]
[53.9480122850688 34.5268051642221 52.1481356515774 31.5387133838076 46.8653274692793 23.6491866426655]
[54.279875452291 37.7714016868306 52.2855893731005 30.408593682246 43.894212754798 34.0008982924568]
[55.1376206143586 33.9065101777388 52.6136431957663 35.3995320130078 46.1791878968763 28.0467803920848]
[53.6779992343416 34.419206446354 50.9311832788833 36.0138467411947 46.4688348516276 30.7373609653192]
[55.1603021390662 37.3057434969224 50.0335931203099 31.5364394671902 42.0263350241155 37.555600107244]
[53.938434847486 40.9859560353011 49.7507192282657 22.9226679185647 43.8575542839208 32.0625702179423]
[55.2228120005295 44.6760437976609 49.501319635188 30.186154494006 43.205314066484 35.5984288951584]
[54.7905214195412 42.7074769821068 48.6629520582581 34.1681134923561 42.8483526559118 34.6228844898733]
[55.8442294933344 44.1128599631488 47.5066678700659 35.8360151021522 47.1951369786843 20.1091590970909]
[56.115442576051 45.0517308464785 48.0141986076458 36.7012867236284 47.7094884515779 29.0606662021671]
[56.4641308489166 41.0583097942189 48.6688166794344 43.8704121275216 42.6198036191537 30.1298581188563]
[55.6972006450333 42.3780066503221 48.6140100654448 40.3074762803051 45.6162435957672 26.759712947573]
[55.548028009846 40.4377463199664 49.4228070886028 40.7086171952685 45.3467925969503 24.5407317713535]
[55.3251701772983 41.6312824352256 49.8383470869005 35.8731995172924 42.6351787538906 29.3292211273927]
[55.1839507496833 41.2958107564208 49.1445078437671 37.1992156625343 46.6542196086124 20.3848691830044]
[54.226612673654 39.2079852856436 49.6195662062102 36.1425165732823 48.0796628807416 34.3511814045255]
[55.0145038680321 39.1258361607583 49.11882428294 29.0658580687412 46.0504444422551 27.9811241771964]
[54.3435291384917 42.2335968794749 48.715506872269 29.7832931288888 44.8501845354966 34.8776943302488]
[54.792034676683 45.2352163511067 48.4923900057846 27.6626070652819 43.4572742806377 41.5078577365135]
[55.4066183340494 41.4772346884714 50.302184861978 30.6920964469767 37.4547226265652 36.7087736513329]
[56.2584546036477 46.7458608270028 50.9432744943564 28.8502297712163 36.1037194192638 36.3491957591731]
[56.3769727632916 44.3149084654775 50.0552330860504 34.1831251397596 40.8711571665622 36.0516500360493]
[56.0757847513249 41.001965981715 49.8090546377105 35.4347376188817 45.3375129265756 24.3386642497908]
[56.2950381879013 42.6920190752633 49.3208553439129 37.9355049377468 46.637396665146 23.0691249018955]
[55.3480549563296 38.2865431856938 50.9702145857142 38.6549558600677 45.6502054803285 29.7392865340364]
[55.846903833964 35.6355966560977 51.8097841354178 33.2582652707593 44.2623408273579 24.3866013836938]
[53.8761954313409 37.9728681732281 50.7970261168842 25.2491857131235 48.3473715415963 33.0824837010951]
[54.0512497516059 38.4237231192424 49.3342439560343 33.6459318892687 45.4813802599035 33.6287998592811]
[54.5847757490611 40.754939963107 48.5469292598258 34.8928542144481 47.4271510910899 35.3171019868208]
[54.4040963529688 42.7563482354856 47.4860691382485 34.7655220927341 46.5235764251661 34.6874184098201]
[54.2172516948337 42.8664324759186 48.3884355395888 27.1881470424419 48.7283990581932 39.0605935631994]
[54.08486099038 40.1436629890038 48.9923784292111 28.1747301907659 46.3799733445243 34.0231517786345]
[53.3617063427531 40.994655064199 49.6542731905697 30.9211568969843 45.984697862251 34.2539252168878]
[54.506146807046 42.0823437940986 48.7883423682341 37.1810855222332 46.0467887650858 30.4259541095711]
[54.9382857302307 42.3120130005364 49.1243498518511 30.4147385849168 47.2184885461462 31.7866010236962]
[54.7979112719382 39.6224672497469 48.172640442358 40.8195474316315 48.2177463483494 21.4763795002737]
[56.1374123591061 40.0933711315632 50.0970996400021 36.6798636692256 47.6623316280177 26.8538539944935]
[55.0952232943061 35.6835437636287 52.2838035503962 39.6813361926848 45.4278369558943 25.6276037138623]
[54.3253701143108 34.805401539358 52.2258815256022 37.7932413204691 47.0797648009138 26.7964138901013]
[53.6331075450159 33.1868209782302 52.3229678243861 36.226068736838 46.7384689008537 22.9228168018533]
[55.3316182794512 37.058797494299 51.1614121938029 44.121404353535 42.1251219657451 26.280756537119]
[56.1583026275207 36.2533962714611 51.9091186979064 39.376684294777 44.2577839437953 24.5561895470591]
[55.6252593551145 35.6747996003602 53.0555653521383 37.7435731897497 40.2141731512267 28.6522326871904]
[54.7575844691217 35.790805947973 53.918542004231 35.8559074580964 43.8250127971385 21.7949187182657]
[53.7655199765041 31.7027141128186 53.8507601185675 36.0810494449683 46.3749186656776 23.6098630802337]
[53.5440989462706 34.6293320803967 51.7083591224456 32.7781028329201 45.5196637268378 24.8860648932302]
[53.1770658496611 32.2169599807588 54.4403321853496 31.7111830327973 47.4851261165995 25.172220969707]
[54.6229397891729 31.7336349427298 53.4529097354452 37.0873932168877 43.0957279776229 27.3195022857537]
[55.5283142528133 32.0277689010255 54.3051493645189 39.614900377293 41.4809789545394 23.9122363067266]
[54.9266025050834 32.9071649237037 50.8388264197168 49.1184810032517 46.5886724011923 22.1205227390586]
[55.5707762317575 34.6392813220196 51.1507741428614 42.9942746441326 49.099786405496 20.2418943652281]
[55.573715796057 32.9624019442761 52.4342513576574 37.0834856010051 51.0040317403669 23.6001722259954]
[54.3558779088975 30.8252922856623 50.912748294998 40.5293506466513 50.189883753835 22.8305195377544]
[54.2402728838742 34.5358665248761 51.0322208728706 36.1749932089628 49.2482161186284 22.5243333457591]
[54.4599371105807 38.6952752274432 50.2216212963144 38.5955436674111 47.0870072407079 26.7464956547578]
[56.4302727937159 38.3751867881662 50.3922943159055 38.0011336187016 47.2056842250909 25.0824108384384]
[54.3351111427664 39.9929913506698 48.0168288041987 38.9217228486465 49.9586083739288 21.7253987435715]
[54.4864683114959 38.762154330517 48.9797894931978 35.6613274719571 49.6522845682855 30.9823991800634]
[55.9923893076021 38.2056751388942 49.1984507002754 36.1851101573019 47.2730516682382 31.2461589467605]
[54.9083556205122 37.3735961766459 50.170649883228 40.6248114865372 43.5701775062652 29.324948866119]
[54.4988231794201 38.9912144611902 50.2728080507267 36.6036047299712 43.9575067538284 24.6143264706663]
[54.7519094018779 40.2096192415538 51.8338607073224 34.9791506188498 42.391047861317 31.0670238644192]
[54.7030659282884 37.4264715065811 51.0071892900063 35.8892329995037 46.2802515416956 24.5620382313836]
[54.9048482493524 37.4946514187939 51.8391759417663 38.7183126138019 45.9272330751778 21.8238550787125]
[54.5451918449782 33.7594055765085 52.1430211786056 40.2819956327473 51.0023608285235 21.0703838370046]
[54.0214071048588 32.2394664206867 51.9039143132817 39.187067855772 49.775433304585 27.1459426967969]
[53.2395736401413 32.8352985796763 51.1799667998925 29.5266798014593 52.0513340255528 20.8644468140923]
[52.8049271761985 33.7193961578037 50.3757920173937 32.9777689365251 53.0710504411938 24.8055060471565]
[53.2383930449356 34.9353570801936 50.0162929895703 33.9200980039117 48.4035376375123 35.303143352704]
[54.3261314833304 37.5451867432713 49.6716879757935 39.5340354214832 43.4980303286281 30.909573304094]
[55.3487843241802 44.4263521485186 48.8964647384551 30.3524190609156 46.0524061865617 33.4893528617192]
[55.1045485170967 38.7352988222064 50.5462964026556 37.438759577906 42.7884592349782 27.6866732525948]
[55.3496624580796 40.0958059149321 50.7861622844825 32.0925815930675 44.1872932096133 31.8255434773948]
[55.8980390911165 40.6504744069993 50.6770446932657 33.0408975881244 41.1428472141887 34.5104216404515]
[54.0350548393174 40.3502765721426 50.3234710188753 34.8956715979935 42.2521714302778 33.3422839817529]
[55.1803010802551 40.8916391092316 49.4417988654232 36.4960529659177 41.9355036770241 35.7426586313613]
[55.6659136083039 42.2641564241726 49.1939006188938 34.7321305666273 41.9623993266161 35.1392263628985]
[54.4033194225835 41.2264920255137 50.0104179364576 33.9692068777486 41.5015865085243 31.4355784364414]
[54.8431716162414 43.2139339669071 52.7567745492079 29.0322016339006 38.872116242083 30.1057434076487]
[56.4316387285765 45.2451208802435 51.1799217758734 37.2797768827854 39.8559763509244 37.8116462062341]
[55.685287879633 35.5838412944598 53.7350444675629 32.5500037038297 37.8178494245443 35.2895155416327]
[54.713735422108 39.3993201465217 53.3621715087048 36.2604493208803 43.5496815050246 21.5972001989453]
[55.5895594738386 37.2754622263257 52.7094664525294 35.4227427585058 43.1714472418362 25.7329077144444]
[54.9429053016284 35.8775249935624 54.8886133228608 32.9311660466928 43.2601402396274 35.2635779815343]
[54.9369520439304 30.605847899614 54.0408754033386 36.4132317266275 42.4611077765199 24.2927118694486]
[54.0442514274289 32.9178490190998 52.8372218740723 39.1233982229046 44.8763652613035 26.9289450256155]
[54.2190537328601 32.9239359428516 53.5092012674412 33.2019061515189 45.2760441847001 24.231052539913]
[55.0700685095125 36.702054246365 51.0457353727867 37.3931165565421 46.7723708536277 24.9569665097603]
[56.1300731997183 35.3774487797781 51.8904221255564 33.6158705450764 47.9039009597222 25.4900631900318]
[54.0330843583428 34.9743093208258 50.5264434284031 37.3614475018352 48.9681274612808 38.226192400464]
[53.6681627947468 33.3450267353461 50.427255158437 38.6392078212268 47.6368462684462 30.550153146544]
[55.8034236899057 36.3890421345765 50.3340359701638 36.3211381686195 47.2405519668008 20.0714081834413]
[56.2139730872556 37.5491035799714 51.4925278638421 45.8254172270413 45.3579806912612 25.3444930177355]
[55.3030074423901 32.1160397478476 54.4258554643047 40.8187523872164 40.318795797773 26.440350071214]
[55.7547298341526 34.2198772181791 53.6379371268474 33.665968712884 44.8843171986136 28.058880701196]
[54.5402279209682 38.6812436347662 50.8088567635741 35.9637778761442 46.8167679218595 25.9818478115065]
[55.520046488545 41.1318960908002 49.6990990550055 28.9104132963616 48.4443787821997 31.7795653205287]
[55.3287770940162 39.5919488095105 50.8091671212931 28.3267313487827 45.7608768206651 41.5462270793051]
[53.5068967001667 34.7154703674108 51.3041303637603 33.9732114429233 43.5804506650889 27.3215335094426]
[53.8082265848478 36.2550093509024 52.0115730492089 37.6994912567592 42.306632789789 32.8796087350677]
[55.3213359324608 36.8388250915727 51.0410487041939 36.6476604205334 45.3327492161352 29.0840207176641]
[53.8029724443834 36.7761041118462 49.3969371379499 34.4557712404748 46.9072789133373 29.8464499764772]
[55.0558889896702 36.4654374606748 49.7796328935442 37.8968821812963 45.9735196117235 33.2698241239172]
[55.5578238097437 38.3497955187313 50.0041306959979 36.6920297021679 44.3363542399972 29.7697038618088]
[56.7154923460366 42.8400099483854 49.8346242028684 40.2977098196046 40.5428908555258 27.2161239352963]
[56.1504014501934 42.0405346108919 50.6892798339123 44.8664097088588 39.4724693671148 26.8182809807215]
[57.470356118709 46.3530523379372 49.1388686560712 41.2375908093274 42.7285496346308 26.1655563391682]
[57.8065589337323 45.2341716746343 49.9039304095007 36.4558398859926 40.8582935570426 28.0845783038217]
[56.2481334257569 45.6423094120585 49.357009727263 34.3958850150792 41.3039200205649 28.9806335276194]
[53.8580405184266 45.5069877995586 49.5854675154036 29.8869525943079 41.0123202892975 40.5502146798132]
[54.267331761842 43.3487739925226 48.8442789282917 32.8901809703474 39.7199664451359 35.24236682047]
[55.3406908412369 43.0859898972838 49.1615106524641 37.0604421884177 43.4466944271504 26.4517636251012]
[56.3521498178455 41.2040418161701 51.3097035783381 32.7932846634984 42.529363122141 31.5558007464957]
[54.3521221055144 38.9805702046878 51.2308934257011 35.2476315585815 45.9871578768762 23.5489754713941]
[55.9844020193431 39.4484060775726 49.8549192736504 35.8976711749338 47.7087245477279 20.8609181496755]
[55.4577425462059 37.6796080692652 50.8331630611371 41.5220864470186 46.130082176484 20.525044909058]
[56.6762233466323 42.2783515678553 49.2960444531376 40.0105847415467 45.512295531683 21.1175773901658]
[56.9945280514499 41.2450064956497 48.6651616905477 43.6188211134995 45.6083583684563 21.5017395812813]
[56.7989555768743 43.3430836029174 48.2876359981551 41.8646774970112 45.1440620359156 27.0325507638631]
[56.982951523846 40.330022469215 48.7625271147783 43.4029316602938 45.0639037883072 28.4096219766755]
[56.1128369715071 39.160195281854 49.5634507432932 36.7326638768048 45.2466968939583 32.1032574234118]
[55.7696663600429 40.1811294012696 49.9498979434496 31.4846636859498 45.7133266859932 33.7286019550971]
[54.9453484905778 39.9534764536851 50.2753658307815 30.7083460127886 43.8766649420446 32.5007684144156]
[55.2199312092499 40.0874578363954 50.2522091065604 34.981752192633 44.0690915303335 27.164722208411]
[55.8982707881904 41.41035907526 49.8219583752137 48.0536976601568 42.2049381934122 21.9395621431983]
[57.4580620231278 41.4594840272413 50.336956385048 38.7388040516929 47.1334969180357 23.4474807303614]
[56.8853987227581 43.0683560348688 48.7460171535095 39.8168818083246 48.9826584782666 26.6213954838219]
[55.6890466851882 39.3573321565704 48.3175084212041 36.9601570529715 50.7014706740114 28.625119754903]
[54.5016827544294 36.7807379795973 49.5216447969928 34.0392235074363 47.9412184069276 31.8732036115946]
[53.3471728659976 37.8719140776301 50.2505292382296 36.7177659844907 46.7347486350165 23.7108271183187]
[54.649573379512 38.5165364717466 52.1773878438922 34.9639493016691 43.4910649136513 31.5940692805106]
[55.806758080521 38.2512473521488 50.8064472771321 37.084857532182 42.5008680698417 28.3433821684314]
[55.126443846747 39.8837610918135 51.670449184206 36.6563656106798 41.273163777734 32.0252285653702]
[54.6269977711117 38.3985959344781 51.873826097254 33.1168013900074 42.0359032082534 36.6406158479683]
[55.0488707285554 38.2479421012899 52.0701670256902 34.9177778918523 41.5692042725415 32.4974142980775]
[55.9347045902808 41.9957120991383 50.0047244391866 33.6863816116674 42.846590566332 35.3826329679308]
[54.7382270748079 40.2671611684547 49.3826815844929 34.6878280352493 48.2285085015812 36.2734447795785]
[55.001708430168 38.3387820871831 49.6515156670482 38.4138087342947 44.722676362468 34.6087134474372]
[53.328449901716 38.0702062609986 49.4938795429897 37.4248317803906 41.7805508552744 34.3423883116885]
[55.0657217853146 37.0733205999801 52.6651396992067 35.9954968618058 41.3302375370962 29.8225344569694]
[54.4564969190889 39.6513844301267 49.4862392372887 37.9894566789899 47.5624195316654 28.2506988404995]
[54.1154585494226 39.405629562958 49.2948170490931 33.4715761263495 44.2608033330502 35.219820526592]
[54.205160997811 41.7889211123968 50.5216890467221 36.0989932020611 41.0737360760894 36.5839373979623]
[54.253515303179 38.9344177684951 50.7863344570167 36.0942451566173 44.831867442106 32.0518084419975]
[54.778718138353 37.888252040754 49.8399037802665 33.2889342540215 45.8015690855515 34.8867371672999]
[54.6898864457618 38.2931188407836 49.7282356179835 35.0702742091065 46.5676001870321 31.3385853084108]
[54.4307933110988 35.6341955281298 49.715397907775 39.2978102784583 44.5199976661443 30.19345390827]
[55.6297492849546 43.9756880145281 48.6725131044929 33.6580950027947 44.9213742337075 31.7833901073332]
[55.1504209263245 43.8931534303825 47.9737983810107 36.3750404216524 46.2125807837853 29.4662536717784]
[54.2525377793346 43.3309035831672 48.1935282487303 33.3494866253802 45.3677100992449 34.8042205183471]
[55.6173735809725 42.433631170746 49.8944660241909 33.0713337540845 41.9213722300042 34.9270109942702]
[54.1475992675095 43.4305317124897 49.2310534703091 33.2282267362534 43.9856675217935 30.7899832348626]
[53.9759546507219 40.2838161442475 50.6877416353157 29.9730650371594 46.1366491998625 33.0286375967466]
[54.9202451336389 37.2574271679945 49.6233909651872 40.4571384454314 44.7315740327923 27.2137819697461]
[56.8185521158835 37.6330824316905 48.7674612283059 43.8130873076417 45.7829445826974 32.9443398220995]
[54.9438470150354 42.7967451685321 48.1534214897316 36.7036300693917 45.9704498396053 33.9821281023654]
[54.9475707868107 42.0760623459184 47.8973856749163 38.8409762821769 44.242575927035 29.7007198311131]
[56.7519712736116 42.9593553117005 48.3006100533395 40.5643071829454 45.5271310477028 22.9195214539601]
[57.0821566866037 45.2187373336494 47.3246172045488 39.7454834109016 48.2697293405858 21.134522836493]
[55.9009619993298 44.1266173652058 48.8024558451234 33.9989137072569 45.0851806066173 27.6233636094057]
[56.4471133625489 41.0242344926861 48.3353287237566 44.722171440123 43.4630533771065 26.2076906675567]
[55.2303075784736 41.6909323870786 48.933481211406 42.684146436719 44.8769072024238 26.5027781737653]
[55.0971710459414 42.4826003395711 50.0940761585574 35.8745548077078 40.8101923512121 31.2091902273415]
[56.0668307121301 41.5176172677684 50.1066399154741 30.8150322661302 44.639275455823 25.2919539231845]
[54.7148164760605 38.8044906938242 50.9448850674356 37.4823771879851 47.140029753082 24.2718074849769]
[54.0638106052614 36.3096643604578 50.5999650819685 36.5497743147881 51.6899906126981 24.4128562395587]
[53.8991914099813 37.5371140300644 47.9003906333106 42.7651374220751 50.878230556265 21.2921856763817]
[54.0517043742692 36.5640942516335 50.7140745778027 39.3809995245878 46.468027035401 30.2302479871243]
[55.5228330316897 36.2611370611025 49.9722881119712 36.8016157259175 46.1027655475378 25.7231802600677]
[54.3351568179714 37.7728925599082 50.4892944992822 40.8602075546375 46.2500396630174 24.5321802526461]
[54.7008621477319 37.7566333303868 51.2804156951841 31.5650805093634 45.3186017622271 31.9697566942555]
[55.2853006201594 34.9568122311071 52.1581383401765 31.4899003143629 44.2744994328901 32.6161798791298]
[54.3823907255082 40.4581364759837 49.4253980201393 35.0547381907098 45.3262130869492 36.2789057274979]
[54.2180567388884 39.1051460581119 50.6039006108454 26.9933074611991 43.1337492646233 26.1020185913337]
[54.1178616819884 40.6905459047584 50.2069345553643 35.5636680583937 46.7293858217891 30.0036446904992]
[55.1632119178262 39.5702009798875 50.4286544660834 27.7098125994832 45.7140422118014 27.7092116418377]
[54.7296336559982 39.7452891211365 49.8547463272483 39.9237478528414 45.7899473451914 26.6235231957313]
[55.260619689161 38.9454335077478 50.0468090627692 34.6787766790695 46.5823750902001 26.1130872617096]
[55.7649248224885 38.6950924246974 49.3445842604501 43.3385766742044 45.1563911780541 33.1639452587735]
[54.8925794138666 39.4477784189342 48.9572256807087 38.6164564416978 46.908459976103 30.9839589290915]
[56.2759581382359 40.4629101215738 48.5035251383676 40.8732531265242 44.9749098060547 28.9771646941927]
[56.5221805337255 45.145275470695 46.3443076959888 35.7349701109897 47.958483817746 30.0047737800313]
[55.4871266580172 46.3207198501233 46.8043642090752 29.5158884917355 48.0369217082319 32.0508090380138]
[55.0395421935871 42.0792992681575 47.5034964946285 36.2680896920852 46.6624114850225 29.0269463244199]
[55.9004126058212 43.083345493652 47.8715914116428 41.1524908614809 45.5421784012282 29.3938074098617]
[55.371086248642 43.0472468146499 47.6126048512034 34.1493585839284 47.5694781357642 32.8583097486623]
[55.2135888914996 42.0830690091376 48.3731374487709 38.4842861743212 43.8885757087252 28.5521773371755]
[56.6734115922381 45.4538174967619 49.1352539884214 31.0093114498784 44.5113441572097 32.0616306697236]
[54.9833897348503 40.655863845533 50.260664456756 29.6831784738383 45.5041918140481 26.6010571025793]
[54.0311291708543 42.4752732021452 49.2102526512505 36.3008532652 42.9988420760269 31.7538704142551]
[55.6294884238067 42.855274268307 50.1315649934191 33.5539549178725 43.0881596850679 33.1782303170774]
[55.8438855882509 43.1036645019242 48.9440466889934 36.2301484148708 45.6842774618161 29.9046652607271]
[55.1844230051423 43.2168019291361 47.3457287406612 33.8348295996028 48.6984458462957 33.5619874511954]
[55.2050941237817 40.7405899591316 48.0848845621032 31.0566452337211 44.3144198265136 31.1397888169888]
[55.0772747901795 45.6614153446398 47.7580812311232 32.4345120961257 45.4232503596091 34.8651623442416]
[55.4565523797283 43.3725874762459 49.3044514756504 30.4987889658832 43.980865298402 38.7451893148535]
[54.0658960904219 42.3230243419224 48.5447019389003 27.6038880644997 45.430540386136 35.9595110090147]
[53.996748822572 40.4377235455425 49.3147994380247 28.2668450357013 43.6162074545573 42.7633045462735]
[54.1453162966938 42.5053445073457 48.7042260230281 25.6774434417494 47.0172519660823 30.918021008238]
[53.7852477458581 40.6793660637338 50.4823019821426 25.714775819284 45.7653692630612 35.0667495715644]
[55.576993881192 42.0358616354607 49.8793042728938 33.3848014208744 46.0405851632598 30.8020256400256]
[54.6434213041493 38.2395254581127 49.4391720527719 39.4963635488524 46.9079434234568 26.2968325512354]
[54.0605958702218 38.2568982423655 50.4785911146729 32.7996025332762 48.4802490367497 32.0689401022544]
[52.782806318205 33.6515965019354 51.1034828963949 32.0543281001277 49.4706184147872 26.0415700178935]
[52.366858689845 32.2653521043524 50.5862881598069 33.542743651332 46.9014650224674 28.3632590858621]
[55.0050724978826 36.9453392036475 51.2726057612915 33.8680528910997 43.1276315475731 32.6313033784871]
[54.4576583479537 34.0582438814622 53.0128103060405 34.1306594426134 44.9343858767497 24.0986498060494]
[54.654301222491 36.0478873948004 52.9485001952 37.3389747719982 43.107677036849 22.8424473380242]
[55.2809397440084 38.3204215456344 51.9345221336616 37.2269693732613 47.5471361684087 21.5622204764727]
[53.0462958910642 34.5136988248148 51.023546819982 31.3600395094179 50.0427684371689 26.1893832972454]
[54.6498586359138 38.0324979684598 50.5087317763625 32.7777434122037 48.6617889129925 27.7254295783199]
[54.6378660621066 37.541408011768 51.0196113481238 40.142915717375 42.579542894449 26.2193722610752]
[54.9668116838499 38.2194801202433 50.4213292464861 36.2095525857965 45.6920257926059 21.715642467632]
[55.8883011330776 39.5646242612027 50.8696650532932 39.9946626620304 45.8490242100562 24.1740767491859]
[55.665944015294 41.2920638712989 50.1682022119376 47.8748926113924 42.0354870447272 22.236487198258]
[56.3381088695964 39.6231073764357 51.3707899878726 38.4151340070848 42.9044473215206 27.3093065018789]
[55.286980863752 38.7721911647933 50.5510451174275 33.0790515534489 47.6168878875438 27.1622966039339]
[53.7661516435113 36.2751939747041 50.0543331130127 37.1461803891647 48.7184810443994 29.4868240744675]
[53.8081234449943 34.3650471529097 50.7985089903672 31.991853018547 44.5043165719757 41.4272670869976]
[53.3235407155533 37.3097452254482 49.8990714221406 24.7426833341786 49.4814353500556 29.3093570836304]
[53.4849928517187 40.9368462382635 51.0725817115629 32.8603017781526 41.2485697735891 27.7121211530894]
[54.2200862241582 38.7023813294683 49.6224886498033 42.1330817867583 49.466334105327 24.5648544860356]
[54.627567843225 37.9177977326119 48.5065476593015 40.270440678439 49.9853595634696 25.7471910881168]
[54.5678922551877 39.5643195180545 48.9786343197189 37.3226137511226 46.4453197008632 36.3160230016835]
[53.6776617135094 41.5106083963393 48.1079813982308 29.4484937207361 47.780128330845 35.4597267988217]
[53.4097092714654 40.9744182900952 48.4584894426612 31.5697482088059 45.2561950647513 38.0602894938159]
[54.6790732005076 44.4730490442776 47.6350848505044 30.979052077815 44.127523372319 44.1839470413103]
[54.1852481655198 43.4851839294512 48.9903094941286 20.4718329568914 40.9620162254318 39.765322216959]
[53.4553069294871 46.5981207100659 49.2056586358135 20.9348765827652 43.10877314125 37.7219306312411]
[54.3299439364213 43.282975722122 50.2133999085064 21.2453809751085 40.8923560180183 33.0926865268425]
[54.382828903662 42.477310512933 51.948679324682 33.4453823931653 39.9550440493654 33.7117420699905]
[56.9695551732585 38.448279031085 51.4014031149482 37.375299406461 43.8040715346065 32.3768841118181]
[56.1159353713207 35.9905667805867 52.475513414198 34.2636841467823 39.2225155983991 37.1083450146832]
[54.2939297645329 36.159540423945 52.9306563300786 33.2665699946031 40.5167713523533 30.6068485536876]
[55.2072800688697 37.0245644187874 51.6338205258525 39.7015005787958 43.2871295404861 27.8315409276777]
[55.4874033894354 36.8993765261847 53.1436839889714 39.3988914793372 41.3935345946135 22.0341254593295]
[54.7435251785569 37.4228325377007 53.4489008818584 39.2131088633645 39.7177812694483 23.1273509499127]
[57.0399535868516 38.8588481610336 53.7381305219569 33.9919617208915 40.1979831650915 26.9464089244609]
[55.6477731396207 34.4803156473683 55.3589107196703 35.5849371419488 41.2352046723528 22.7618063947802]
[57.442847907478 32.2505446895948 54.7826177116951 41.1876836402136 41.6815356070501 21.3946538734463]
[53.9822214705913 32.8490360816411 54.6603771719277 39.2836534340835 47.0930271821182 21.9663167082134]
[56.0610122650533 29.6373683545068 53.675993774811 40.2949146443291 46.2771822364865 21.2711968724833]
[54.3528475025821 29.1491414132061 53.8800686603505 40.6713488808726 46.721035160435 25.2961830380713]
[53.8547697953907 29.6014000529394 54.2449398868729 34.7878052503574 43.6547685164263 32.6180061652099]
[54.3900700562609 30.6067837300836 54.2599677755743 34.4532181776902 46.2739074060515 20.4160516119618]
[55.034481941519 29.8355675031849 56.1153684602801 41.9792062543595 39.5396466368174 21.1295648696952]
[54.8931003289009 28.346480945274 56.242456388807 42.7043082287001 45.5386617742658 20.6569329227757]
[54.2188457350862 30.9479673155811 54.1855112450778 35.5215815126646 46.8439187934744 24.0048083385782]
[53.1283986167446 30.2491834707178 53.8816472759163 36.9730661964861 46.267345008259 24.6520132598441]
[54.7108782142174 32.2307154677407 53.340361310082 33.8942555501782 45.3161116471846 22.4151638351771]
[54.732021824126 32.5651317776353 53.0201324286689 39.4761729034992 47.5236849930912 24.6198132545325]
[54.2529027490974 32.8112453839996 52.182282217275 37.2477936045723 46.4891734637305 22.5072618005614]
[54.0636540542147 35.3012847847895 51.1071383048455 37.7597014644493 49.6788771143642 25.9636131457533]
[53.7345043764019 34.3251205099574 50.7267793058198 31.9311562224434 49.4326715811955 24.9901662529796]
[53.7265985497207 34.8094578737893 51.6944916379803 42.6585276708667 43.5777125148824 33.4562522185786]
[55.6981100811876 37.6521305938833 49.6378137868965 33.0640596509625 41.3920290258212 36.0690301502481]
[54.918514224155 44.648346539726 49.2691122232752 33.0758176358987 42.1581519662519 34.3736337906813]
[54.0265772502606 42.5775512135077 50.0465121797322 34.0445339155687 43.7407305643587 30.1235598658087]
[54.7711858602764 41.4966526648742 50.1575869877383 35.8551178259586 44.1986900441972 30.468249769442]
[56.645629682399 38.8164872748438 49.5693357624709 40.983639846336 42.0020152777173 31.6651071196227]
[57.8441593578877 42.2903903966397 49.150807218165 45.0598688803273 41.5550198699318 24.7459392002448]
[57.6726926595185 42.6659402453152 50.1598177630817 42.6802271804391 45.4211858516506 20.6941609611671]
[54.1252640829478 36.9930410846898 50.4201950301371 44.1533536971356 48.7078457962869 28.7554617160606]
[55.413331761714 31.5883923445362 51.6244126313331 42.5516990825961 41.9215330915315 28.9156876865561]
[54.9042677160195 39.4440985946107 51.6748982584446 34.9786718780605 42.0494310940262 27.4505179243176]
[57.3935346633267 37.9943224055562 52.8866301253092 38.9747310226173 40.229694104524 23.1629255077772]
[54.0905296070163 32.9455128618376 53.5865916651363 38.9951397232719 43.6365013399721 22.730094762252]
[54.6127794106241 32.8566059607753 53.9689806840593 41.3159876622383 43.8456365546166 28.1644256311259]
[56.2404074774056 34.4791374733281 52.9688941917803 32.7236498704266 42.1054407829288 31.2898304020712]
[54.2971857200273 33.7328782807983 52.4742192648646 33.6968953747528 46.6776528952878 22.4410767787927]
[53.0214573277286 33.6487240002735 51.4337302332954 39.4225411330833 47.2405529367729 28.1722122036092]
[54.2646405862636 34.8635872351815 50.9264688745117 38.0592574642094 48.0687313017327 23.128534760001]
[55.4811167540819 39.2844777755186 49.7058656291985 44.852841582046 43.8815061740257 23.9563229673484]
[55.7339978125032 41.6724316878089 48.8641391293804 40.1269658009335 45.8894426226824 25.5868695562858]
[55.464322331968 44.0839092801031 47.7883555892676 33.7029761016072 49.5773176217901 27.081523462575]
[54.5778869032227 42.7535908172205 46.9307446583881 36.7419597959673 46.8646830082766 36.3845156098215]
[54.2623111016334 45.776476674061 46.226943443409 29.0435185908973 45.1400744448406 38.068146746662]
[54.9967366674121 46.697953158733 47.1201878343708 32.5089579863968 45.8250668282939 31.5060247421659]
[54.4383922454646 41.4716778305064 49.8122052320877 33.9155665145963 42.3081783481216 36.1548188644769]
[54.943301287743 44.6827444286353 48.1057713435453 34.0032290706899 44.3769408702664 28.3184173501844]
[55.8513569869903 44.3491728353194 48.9259329043212 35.0042580550819 43.8689768368781 29.0160792705189]
[54.1986450456299 38.5257308309002 51.1603597780514 34.1222136149626 42.2841159571287 35.1695235926696]
[53.7770751245731 39.3961189343324 49.9085244770728 31.7155268551022 49.5648473410016 34.0894534829972]
[55.2319977228139 37.6883149537993 49.8074324316137 33.842248260748 44.6045375481614 34.050127014061]
[53.053684429059 40.4012355014468 48.8903147337447 29.63981606554 47.0193444263233 41.1430684434978]
[53.7931654379025 39.3707008630518 48.6515925908776 27.766134417264 44.9205945433924 33.067105254235]
[53.6534725839155 43.8220262965736 49.1767498608907 30.8256420680809 41.9013332542303 35.2240824810184]
[54.3921016676733 43.6182354075042 49.9405201206094 35.151063079416 43.7167691055984 30.9879250278931]
[54.6252040309231 42.7988351470168 48.7992527339132 33.0937584438884 43.7125237590165 32.6557129274251]
[55.022435365501 42.4653878012926 49.7858665841689 31.3193301856246 41.6373782502933 31.6720856993851]
[55.2093282422566 41.2298456215475 51.9488817254323 24.6192292014478 41.790041068598 32.8660831336629]
[54.1083674574091 39.091873962361 52.4827514199999 28.8372461577586 43.6950452190716 27.5179869785395]
[54.2345339405165 36.3906342310541 52.8619141975377 30.2984633395159 41.2869446577672 36.9137173861923]
[53.8181790868385 36.0794816733142 52.0893592770481 33.7539996230439 42.8247043470433 36.1550961351292]
[54.3449978992287 35.7828257558275 52.0728125798964 30.2106860754448 45.3506807702684 36.2921976408134]
[53.8295953672763 34.5472758463707 50.1016567939587 34.6260995175882 46.4315994155021 35.8412497257507]
[55.0284722371429 37.7730359578207 49.5284727857766 37.2598530485094 45.775248196009 26.2063674489143]
[54.8157117290399 40.5875955575119 50.9277944440194 34.337097302497 46.5682636846997 26.5089055237255]
[55.2775889620361 37.4084117866795 52.4373967988213 39.5757487245907 42.3193973160493 26.8412488540544]
[55.2306350381504 36.1742196797346 52.2082728459153 36.467161570805 44.0002423116386 23.9144681461263]
[54.9945052139751 35.795412508447 53.7901195905029 32.7176391917568 42.4758274257272 26.67874891474]
[55.2807376187889 37.6470893418162 52.3495263602808 41.4089213315715 40.580881244399 30.2497747789497]
[55.6779614170991 37.183599128848 51.7775823385231 41.8213359923804 41.1061694601119 24.0786291166831]
[54.9151710976876 39.5162147810207 52.4541603256079 36.9454723813485 41.1314259198753 30.1452785995608]
[55.921075385559 39.31186842876 51.6385231857244 36.0955934483253 40.0293616169166 31.948198714407]
[55.5038670683997 38.1026031599097 50.8073566133834 36.8234652283599 44.1661833964955 28.8049749425085]
[54.6815536356186 37.0421498829148 51.1303929010188 39.768027274468 44.9816224202875 35.9205177234892]
[52.9773007109579 34.3722968814136 51.5851948983884 34.1606506156357 46.3495438612118 28.4094053379007]
[53.6740639324525 35.3956781702864 50.505468841998 36.0528800595031 46.3273633969891 27.6646939277818]
[53.6923405604213 35.6115325331811 49.5627764075766 34.8855971890235 46.6510112330058 28.7029195438141]
[52.987186526119 39.5069347570132 48.7387977909506 32.4778927082249 50.5599422645255 30.5639077698974]
[52.7791233174029 38.6733643749318 49.2739033042744 35.6954328291276 47.245999058198 31.0688750066466]
[54.4838896746619 39.420873069997 48.0375316169735 36.369799695969 50.998756771258 25.5757334329709]
[56.7754715957893 39.2294278238572 48.8118770707055 40.495510276678 45.4551879701361 26.3858630129908]
[53.9001258913781 38.6613190978722 51.1832079798661 28.19213553511 47.0690766281646 26.8270189381751]
[54.9305852978214 40.2569441698869 49.5355085209986 32.7767237434801 45.5359022594029 32.9805916585686]
[54.5334490619663 38.7380441910914 50.9669054615711 30.6995425228842 45.0543986091682 33.1104850245581]
[54.1719429139103 41.8803298361914 49.8449000476165 34.6750379264926 44.3278002425017 34.3414598070381]
[56.3195577605674 43.6666825700744 48.1344296453362 36.2171811301871 44.373325391697 35.8159508279189]
[54.661420934185 40.463660521248 49.1043554652157 32.596322221317 43.184930153881 33.7219826810929]
[53.7403994929667 39.4380066427191 49.338175704061 38.1470518123091 46.9754387210536 20.4075185021308]
[54.923432705852 41.5803005764326 49.4553475417455 33.8265928296459 45.1984194556491 31.4893523321571]
[55.6429599714625 40.1989762010588 51.1443029192507 32.7808164401066 41.3986715696663 33.8121152905979]
[55.6314694381439 39.4604940982858 51.1806056375994 33.7370584093794 44.4995167069775 35.4512653985397]
[55.1443967008365 40.9791454533965 49.101910913188 30.4927129053736 45.3144807602871 34.6631870768726]
[53.6843251733824 38.7219366418189 49.3950968998037 34.6962897825627 45.9553598417466 28.9221370584277]
[54.5035848277087 37.6595808932552 51.4151024340976 35.9462341682344 45.2468738359155 29.9968086264717]
[54.3785740133276 38.5403357590525 49.7900814701301 40.4813945383978 45.4165405083173 27.9606243030588]
[54.8759853198121 41.7953096759747 48.6170074368351 38.0178099095462 45.8807395917362 25.9930067289538]
[55.0252048625803 41.2509800441366 49.1197290560392 39.450593315479 45.9753353091238 31.2496056433497]
[55.0719409375332 41.4297790315856 48.8778795781026 27.8375229608977 46.9043698652088 41.3448439955312]
[53.4339638391441 40.666667527269 48.2630405500747 29.7513730942881 47.0846106020097 34.1914306660816]
[53.6774725532915 41.9162949619337 49.1001254964446 27.0838653793555 47.81900176096 37.9318039763924]
[54.0351370428352 39.4002888509811 49.3490757006152 29.305904580168 46.803457449079 32.4550181250187]
[55.5137982931548 37.4456039798697 50.9275710228757 29.2997734072539 45.7366604396942 30.0818620337759]
[55.9834964449725 40.6690748555314 51.317861378348 34.1153416033404 42.9619526438791 25.4848358367074]
[56.0329344124678 39.1646218822333 50.8289263339863 43.5913571212993 41.3928315402948 28.3829384127555]
[56.913173944814 43.0847348748783 50.7832457036735 37.5807224533897 45.58887019976 23.6428333626718]
[55.3612611634219 38.615183761531 50.5741545232411 37.4167112051154 44.7971992158504 27.213641950892]
[56.1150872160535 37.0480134801668 51.5594482131771 42.5882286038281 44.8501903273032 21.2320271734368]
[55.9165710248692 33.1918488183801 53.8680391284377 35.7773730581078 46.2387749612824 24.0621847994948]
[54.4279267393224 31.749663964033 52.1183781810078 44.9249866128182 46.4235836423705 20.05552733104]
[55.7738289346575 31.5280467945191 54.5172919857654 41.3212660717383 41.445093240376 27.9994702951582]
[55.2057726554899 31.3102719916808 54.0214438024016 38.7623687630421 43.1469220709698 21.6659555981642]
[55.497469293413 36.652775215007 54.6799648153124 37.6008576740022 43.032280723941 26.4551316305582]
[56.3048220570106 30.6221973673204 53.2597817799498 41.9654467029606 44.5193083630885 29.1924153753417]
[55.1576699814898 31.6851478514125 53.158416487195 40.1032471108694 45.7270545166187 23.6542999221299]
[54.0651792165604 30.5417919040325 55.3345042389481 33.9882599205911 43.7438905391346 24.873472096892]
[54.0032259313949 31.0330627636335 54.3280322005826 37.4199848250417 47.8730722675846 24.4236558622944]
[54.8504372549708 31.644116885607 53.2304858896103 40.1400922575578 47.9619255899567 20.7093305572982]
[54.3656590175105 33.7455271127472 50.2065991269273 39.422678103983 51.4943857861873 29.1460704594873]
[53.9028194588438 32.1310612909395 50.7913725671181 36.1253658591634 48.3092599946329 21.4594235841107]
[54.5021383156774 37.3164860541572 51.2657470133638 39.5926349108108 48.1473855468615 25.6281676572121]
[54.8134181438997 38.5412695369465 49.2430891155869 36.5985585820495 46.9019764369868 22.1833820563854]
[54.9701136661961 38.8636616612315 49.861695939529 39.6461232914621 47.9794574070814 21.6460326873351]
[54.5962371945771 37.4261700128038 50.5778560738849 38.6323431283894 45.2956694799702 27.4411208806858]
[55.1309005187662 40.9129197944157 49.5648403639409 34.6399761658323 47.1046786958351 33.4609031452179]
[54.3327815841952 40.3139154952205 48.7791549266981 34.5962681770237 45.142795591719 32.3173145876202]
[53.8685657604432 42.914786468362 46.3349951460291 32.2826012942812 48.3742279871952 39.8837151061996]
[53.3680287716697 44.1281687630812 45.7403603546857 31.4773198540232 45.2917144372737 35.1093595244764]
[53.7341272413182 47.4293835071078 47.2057718186838 23.9183106895296 46.637225179128 39.1397288495956]
[53.469123421374 47.9897524670957 46.4198338710654 25.3149661100653 47.5253815672103 39.9283010613955]
[55.1827873166164 46.9153868511646 45.9221360273821 32.815594096204 46.770419053114 32.6022103349686]
[54.6173414101355 46.2002717578384 46.3749540867841 32.3055135152011 49.7332975368336 31.4820189815734]
[52.9236099382197 45.1962576064926 46.0905758483386 25.1276149642209 51.1293196917226 42.6376101782257]
[53.3991095482478 43.6233732974188 45.8915212730755 30.5712674639327 45.4587144634609 47.2100707504956]
[54.879338590142 49.5774177778735 45.2719987525905 24.407305107608 45.0303487181357 35.6072925120716]
[54.6592587535801 49.9943574329751 46.4018365398349 29.452970222626 48.6075497502076 37.8142887486176]
[54.463633205696 43.8043665478637 45.7638901837603 33.6936409358263 48.1455745143014 35.5585632733204]
[54.7681835848082 47.2604069308174 46.3628227353061 32.5067022472219 46.3085835751357 31.9362091109491]
[56.0303571565843 45.9828293159665 46.7185533269699 35.3106276665638 45.1402179833971 30.0770349051307]
[55.346201195186 47.9953240396996 45.9150694314114 35.5162924272675 47.5533985987339 30.2733621631168]
[55.6251825721098 45.667500227661 48.1588849093478 33.2458298916527 48.0499835314477 32.4089117327911]
[55.7710743948096 43.3647087001918 48.2783865577098 33.6277737820392 48.8864542803741 22.9276097452485]
[54.9724329040381 39.7559734289068 48.5178887152226 38.9244254426043 48.1898589443917 25.2100072885968]
[56.216178377901 44.1108390946635 47.8715750595446 38.0707538561519 45.0046392186645 38.6148510304148]
[55.4152887176449 45.2110419638734 46.6811058826369 35.5806572899558 46.0658941009588 31.7021987797019]
[55.8403373591777 45.8423647310025 45.5074068191691 34.2851094947322 51.1830807010529 34.0759871082558]
[55.9153474949588 45.1867564031975 45.7057350595605 33.4659405350083 47.4429896466061 37.6266493406602]
[55.4015825478495 43.2035778470546 47.9595899799847 29.4484380974801 47.9095650442964 32.1438847019438]
[55.0148106684385 41.7242407469821 49.4152571737587 27.7027899623779 45.26140756768 32.8155129296941]
[54.738019320459 41.3692951265018 49.2528050557147 38.3093471577885 43.2199256802562 34.0632620377162]
[56.3113219594115 42.1089116692483 48.917274626412 41.9501776944196 42.2393522534872 30.43866292996]
[55.9609148447907 44.2051545151184 49.0197821106405 30.145851412756 45.9402154543427 28.6972967870261]
[55.2846801761311 43.6353101493931 49.4648999413579 36.8699965272181 46.1506945262075 27.8662937650088]
[55.2463054872816 40.2958281845801 50.2721983789859 31.5725940205292 44.7218049114676 32.8790853840385]
[55.3665416616025 36.9984627599761 50.789800283013 35.6238428613226 43.8738670674359 28.3600576664024]
[54.9111151401608 35.6230245811087 52.1936203375679 35.1562499474658 42.7868148777614 30.5858370548553]
[54.5364511543278 35.0375196018258 51.5403034302978 42.1800525914753 43.2261164601396 30.9974639924211]
[53.7792288075543 34.0416776054397 53.1437349066479 29.0228209344278 49.0943978540514 29.2174669071275]
[53.7446670468558 33.3562567823053 51.6397782399949 38.9810166663245 44.9870555023695 23.9214575440911]
[55.8699682118234 39.2910642268142 50.5404814807074 48.0611855108988 46.0557256248407 20.5395070238717]
[56.4142703466574 36.1950866243961 50.9295134445624 49.2316796011367 45.0744159727448 27.1876784401297]
[56.9928037802787 40.2565102706309 49.375977816585 42.7164696697645 42.9528166912126 26.9143797173474]
[55.3310051259889 42.1243354986345 48.8977375863528 38.063343743162 45.6475583463578 29.2918587027906]
[55.497030463178 41.2034526614008 48.6983940620053 39.0671865696405 46.5781614984864 27.338690898429]
[56.1520561536269 42.4759187618733 48.8371369545265 37.9563715333719 45.4228538487146 34.8523791819034]
[56.2313797146483 40.6081303029127 48.5479319224103 30.1832822776462 47.9440209227906 29.3504896983873]
[54.958856347445 40.494764191729 50.2957533256957 34.7341127721959 44.3468368224366 29.8245216732218]
[57.4187228515769 41.9408987308027 51.4833332676757 34.8290668010323 38.8148618648588 38.7597498741529]
[54.2469515933513 40.4169051117226 51.4232369912006 27.5327282047254 40.4468428634007 31.4077181867219]
[55.9198758732138 43.22101057684 50.3906485239531 34.8402129010837 40.2463557926544 38.7914971373109]
[55.9955886294168 42.3118846868473 50.7030251239164 35.5567795671576 40.9425695892336 27.9961289645176]
[55.1695108627767 42.5812447502994 50.0423554465089 32.9163221882707 43.3191187123031 27.4167343585225]
[56.4012680124372 44.3229391671642 49.3854072906605 40.1536285512494 43.6131482682364 24.4141864230892]
[55.895915276418 43.2014908369845 49.0072722524569 38.7607054663733 45.4419920613031 27.0493683337912]
[55.1092700704991 41.8821239847827 49.427485239415 36.4487578393604 45.7202097830099 30.5966288139213]
[55.2310641297099 40.895041357728 48.1838968935812 32.1679093871194 47.1330546093893 28.1191206006647]
[54.2403818202477 39.9494543016875 48.7482891822391 37.1434937080441 49.6517792641962 24.3199264286191]
[54.7623408431908 39.2078798378483 49.429304562821 37.1660249660115 47.0961303380735 24.8170452300186]
[56.9018610343012 41.9374703103403 50.2140890940809 36.9262009938415 44.1221279462439 32.4421765795212]
[55.9835197522871 43.670342358632 48.2729486086374 35.0633484361975 47.161518071432 26.4880077648349]
[55.5621416458812 44.6964298170836 48.4109580765041 37.9837081882749 49.9690946033199 21.8486158533828]
[57.2265341545742 42.5256398965838 47.7136567146054 41.9966818610792 45.6691154394529 29.5715674564436]
[55.3311129144582 42.7725468827377 47.9090904739671 34.1137645445369 46.291121342279 29.7773435211715]
[54.5999879395957 41.5777353093329 49.4019761367839 29.2987862138597 46.4113244177116 28.3676329526565]
  ];